Date,Close/Last,Volume,Open,High,Low
08/01/2022,$411.09,1910045,$406.51,$417.16,$405.07
07/29/2022,$410.12,2670046,$404.69,$411.38,$400.89
07/28/2022,$403.5,2421734,$392.76,$406.15,$390.06
07/27/2022,$392.78,2669699,$385.08,$394.91,$383.405
07/26/2022,$379.26,2368512,$393.58,$393.58,$378.16
07/25/2022,$391.96,2340478,$400.11,$400.7688,$388.57
07/22/2022,$401.9,2413224,$410.03,$414.62,$398.631
07/21/2022,$408.91,2009914,$404.12,$409.65,$399.2401
07/20/2022,$401.49,2746782,$392.19,$403.13,$390.07
07/19/2022,$387.83,1977609,$382.89,$388.32,$378
07/18/2022,$375.23,1866609,$383.83,$385.565,$374.01
07/15/2022,$379.86,2488267,$377.79,$384.47,$376.86
07/14/2022,$372.96,2098363,$368.83,$374.194,$361.46
07/13/2022,$371.94,1993962,$368.2,$374.41,$364.7
07/12/2022,$375.54,2639683,$383.9,$391.515,$372.91
07/11/2022,$384.16,1835865,$386.57,$388.05,$380.4569
07/08/2022,$389.44,1611201,$384.35,$391.86,$383.84
07/07/2022,$390.89,2368519,$382.5,$392.07,$382.38
07/06/2022,$382.83,2284551,$378.54,$385.385,$374.09
07/05/2022,$376.49,3121504,$363.5,$378.52,$359.82
07/01/2022,$368.48,2471735,$364.175,$369.529,$359.07
06/30/2022,$366.06,2595510,$362.9,$370.42,$357.56
06/29/2022,$368.5,2027907,$367.94,$370.37,$362.64
06/28/2022,$365.63,2660047,$381,$382.98,$364.45
06/27/2022,$381.07,2244631,$388.8,$389.385,$379.38
06/24/2022,$387.72,3305337,$380.64,$388.06,$378.22
06/23/2022,$376.64,2534343,$371.71,$378.18,$367.47
06/22/2022,$365.33,3168159,$360.79,$372.55,$358.2228
06/21/2022,$362.99,5343494,$355.02,$372.795,$353.51
06/17/2022,$360.79,9475054,$349.24,$367.32,$338
06/16/2022,$365.08,5775295,$369.37,$376.12,$360.9
06/15/2022,$376.92,3664477,$376.03,$382.75,$368.5
06/14/2022,$370.82,3197215,$371.44,$376.89,$367.31
06/13/2022,$371.65,4724765,$377.36,$385.65,$371.085
06/10/2022,$393.84,4407524,$412.9,$413.96,$390.185
06/09/2022,$426.42,2572418,$424.17,$436.04,$423.48
06/08/2022,$428.84,1790134,$430.54,$433.75,$426.42
06/07/2022,$433.42,1611182,$423.98,$435.2,$423.12
06/06/2022,$429.46,1563987,$437.59,$440,$427.0361
06/03/2022,$429.76,2355536,$430.71,$438.01,$427.255
06/02/2022,$441.28,3415664,$418.11,$441.9,$415.84
06/01/2022,$418.16,3409856,$428,$437.549,$413.785
05/31/2022,$416.48,7944164,$427.22,$427.29,$412.79
05/27/2022,$428.22,3560381,$414.8,$428.55,$414.63
05/26/2022,$408.6,2419479,$405.09,$411.55,$402.46
05/25/2022,$402.5,2726718,$395.32,$406.095,$394.71
05/24/2022,$398.41,2630761,$401.61,$404.33,$391.0375
05/23/2022,$406.76,2337511,$404.01,$407.88,$398.89
05/20/2022,$399.09,3432395,$401.39,$406.24,$385.621
05/19/2022,$394.38,2797416,$399.01,$403.035,$391.565
05/18/2022,$397.88,2915922,$404.38,$411.6599,$396.11
05/17/2022,$409.65,2614675,$413.08,$416.72,$403.54
05/16/2022,$402.86,2645162,$399.74,$407.17,$396.6
05/13/2022,$405.45,3379472,$396.47,$408.97,$393.94
05/12/2022,$388.49,4048173,$373.4,$390.13,$370.27
05/11/2022,$379.33,3821953,$389.99,$409.9899,$377.81
05/10/2022,$393.03,5334377,$385.72,$400.83,$374.78
05/09/2022,$376.91,4324888,$381.95,$389.6271,$374.86
05/06/2022,$391.01,3522430,$395,$401.26,$382.82
05/05/2022,$400.51,3507716,$415.55,$417.99,$395.71
05/04/2022,$423.35,3330434,$407.29,$424.23,$395.05
05/03/2022,$407.58,2196257,$406.59,$413.93,$403.5
05/02/2022,$407.29,3009981,$397.13,$407.98,$394.04
04/29/2022,$395.95,3033248,$407.47,$413,$394.64
04/28/2022,$410.53,2593890,$406.13,$414.2749,$398.49
04/27/2022,$397.9,3080696,$401.44,$412.46,$396.81
04/26/2022,$399.12,2820097,$410.17,$411.61,$397.465
04/25/2022,$413.95,3368825,$405.7,$414.08,$401.67
04/22/2022,$408.67,3198841,$420.71,$424.33,$408.02
04/21/2022,$417.48,2390149,$432.69,$438.94,$416.3625
04/20/2022,$428.11,2094449,$440.59,$442.44,$427.2
04/19/2022,$436.4,1962652,$422.02,$437.49,$420.64
04/18/2022,$425.47,2594660,$419.4,$429.69,$418.73
04/14/2022,$420.44,2597004,$435.86,$435.95,$420.03
04/13/2022,$431.67,3078941,$427.3,$433.52,$425.67
04/12/2022,$426.77,2199003,$442.685,$444.44,$425.16
04/11/2022,$434.44,2932055,$438.81,$440,$429.74
04/08/2022,$445.34,2260687,$449.95,$454.41,$443.37
04/07/2022,$452.72,2757799,$444.09,$455.9199,$440.76
04/06/2022,$444.33,3824913,$448.235,$450.01,$439.57
04/05/2022,$458.58,2481933,$469.32,$471.76,$455.07
04/04/2022,$468.81,2975096,$461.04,$473.49,$460.61
04/01/2022,$458.19,2718422,$455,$461.55,$450.96
03/31/2022,$455.62,4141278,$461.59,$465.43,$455.43
03/30/2022,$460.06,3889225,$461.52,$466.765,$456.84
03/29/2022,$466.33,4323766,$459.16,$467.8,$452.44
03/28/2022,$450.01,4472560,$433.415,$450.32,$433.15
03/25/2022,$431.62,3285206,$435.44,$438.6205,$425.995
03/24/2022,$432.14,5544251,$426.08,$432.21,$421.49
03/23/2022,$422.9,13979760,$437.51,$437.98,$416.47
03/22/2022,$466.45,5377001,$453.5,$471.98,$450.69
03/21/2022,$453.59,3704194,$451.42,$459.58,$445.95
03/18/2022,$453.33,5898143,$439.2,$453.74,$435.79
03/17/2022,$444.36,3556732,$441.26,$446.82,$436.51
03/16/2022,$442.36,4141181,$431.74,$442.52,$424.35
03/15/2022,$421.66,3201730,$415.97,$422.96,$413.1663
03/14/2022,$411.5,3731582,$413.36,$422.375,$407.94
03/11/2022,$416.38,4434498,$439.66,$440.61,$415.43
03/10/2022,$438.95,2722310,$444.68,$447.65,$433.01
03/09/2022,$450.87,2905656,$443.8,$453.11,$438.93
03/08/2022,$431.53,3734842,$432.51,$443.8,$421.36
03/07/2022,$437.97,3676072,$456.22,$457.68,$437.18
03/04/2022,$452.13,2752177,$455.49,$463.52,$447
03/03/2022,$459.08,2906318,$475.83,$476.05,$455.445
03/02/2022,$471.18,2948450,$471.94,$477.49,$466.04
03/01/2022,$466.68,3352760,$468,$479.21,$462.92
02/28/2022,$467.68,3302341,$462.4,$468.48,$458.86
02/25/2022,$465.54,2869739,$465.39,$468.5199,$456.015
02/24/2022,$463.82,6448772,$418.59,$465.93,$416.8124
02/23/2022,$429.45,4263021,$447.78,$449.59,$428.06
02/22/2022,$438.4,4287637,$440.35,$451.09,$435.05
02/18/2022,$442.56,5194162,$458.69,$459.3,$441.77
02/17/2022,$457.71,4021128,$473.14,$476.45,$456.05
02/16/2022,$477.7,3750472,$476.485,$480.21,$467.27
02/15/2022,$479.5,3745338,$482.5337,$482.5337,$472.39
02/14/2022,$474.01,3372122,$473.2,$478.57,$469.2101
02/11/2022,$473.97,5026970,$497.92,$499.93,$472.8952
02/10/2022,$495.02,4735802,$508.08,$514.4799,$492.28
02/09/2022,$521.75,2542201,$520.35,$522.48,$515.06
02/08/2022,$511.31,3205743,$501.63,$513.51,$501.07
02/07/2022,$507.1,3120737,$516,$516,$500.95
02/04/2022,$513.54,2583714,$503.77,$519.97,$503.77
02/03/2022,$510.83,3058710,$522.87,$525.18,$508.75
02/02/2022,$533.09,2494142,$536.25,$540.46,$529.3201
02/01/2022,$535.98,2307434,$536,$538.77,$527.72
01/31/2022,$534.3,3995098,$518.98,$534.94,$514.39
01/28/2022,$518.16,4339027,$494.09,$519,$480.62
01/27/2022,$493.05,5870522,$508.94,$513.23,$485.62
01/26/2022,$500.81,4449496,$514,$520.49,$494.22
01/25/2022,$502.72,4051522,$505.51,$514.26,$500.01
01/24/2022,$519.66,7555213,$491.07,$520.43,$483.31
01/21/2022,$499.91,4276067,$508.5,$513.8624,$499.2701
01/20/2022,$510.85,3208136,$522.38,$532.025,$509.64
01/19/2022,$516.58,2985891,$516.48,$528.9179,$515.3
01/18/2022,$513.34,3461507,$510.39,$519.39,$504.98
01/14/2022,$520.6,2659825,$514.49,$522.5715,$511.27
01/13/2022,$516.9,3406500,$532.22,$535.265,$516.32
01/12/2022,$532.37,2901791,$533.09,$541.59,$529.28
01/11/2022,$529.89,3422161,$525.5533,$535.18,$520.9821
01/10/2022,$525.83,5429694,$500,$526.58,$497.01
01/07/2022,$510.7,3605411,$513.66,$520.42,$504
01/06/2022,$514.12,3913592,$510,$526.31,$508.2
01/05/2022,$514.43,7394814,$535,$538.745,$514
01/04/2022,$554,4344805,$563.9,$564.3,$541.31
01/03/2022,$564.37,2863488,$566.65,$575,$553.2673
12/31/2021,$567.06,1581578,$570,$570.17,$565.07
12/30/2021,$570.53,1564633,$570.57,$578.99,$566.04
12/29/2021,$569.29,2484190,$573.329,$576.96,$562.78
12/28/2021,$569.36,2108375,$582.84,$582.88,$568.35
12/27/2021,$577.68,1980504,$575.04,$580.88,$572.09
12/23/2021,$569.62,2147722,$568.96,$572.57,$566.1601
12/22/2021,$563.98,4526208,$560.3,$564.92,$552.24
12/21/2021,$557.52,4104714,$550.91,$559.89,$538.05
12/20/2021,$549.77,3441126,$545.61,$557.27,$543.5
12/17/2021,$556.64,8014024,$566.09,$566.99,$545.135
12/16/2021,$566.09,10961250,$578.4,$591.5773,$556.1501
12/15/2021,$630.33,4288818,$615.96,$631.25,$604.6199
12/14/2021,$614.86,5934156,$635.36,$636,$599.1
12/13/2021,$658.3,3829357,$652.77,$675.21,$650.9784
12/10/2021,$654.45,2872975,$638.13,$654.97,$635.1
12/09/2021,$632.57,2550690,$650.92,$655.72,$630.88
12/08/2021,$653.1,2416232,$647.3,$654.65,$641.61
12/07/2021,$649.96,3943536,$644.193,$655.22,$640.05
12/06/2021,$622.04,3170342,$617.47,$625.9,$605.725
12/03/2021,$616.53,6741841,$658.1,$662.09,$604.3
12/02/2021,$671.88,2675408,$655.95,$674.845,$653.62
12/01/2021,$657.41,2832765,$676,$678.78,$656.28
11/30/2021,$669.85,4703616,$687.22,$694.89,$667.83
11/29/2021,$687.49,2728844,$668,$691.36,$665.77
11/26/2021,$662.1,2203960,$670.2529,$683.9999,$659.68
11/24/2021,$668.32,2426821,$655.83,$668.87,$647.14
11/23/2021,$665.16,2504127,$662.7035,$667.5699,$648.61
11/22/2021,$673.57,2285511,$696.275,$699.54,$672.66
11/19/2021,$688.37,3093812,$681.26,$699.5,$678.91
11/18/2021,$670.96,1494358,$670.62,$676.55,$665.08
11/17/2021,$670.67,1221871,$671.76,$672.7367,$662.84
11/16/2021,$671.03,1421950,$659.14,$673.7449,$658.99
11/15/2021,$659.73,1077608,$658.37,$663.665,$655.19
11/12/2021,$657.6,1286806,$649.01,$658.4725,$647.16
11/11/2021,$643.17,1271194,$649.61,$652.57,$642.1
11/10/2021,$647.5,2038209,$663.2,$665.8099,$645.86
11/09/2021,$667.92,1128004,$667.69,$669.66,$663
11/08/2021,$666.02,1497363,$666.56,$668.25,$661.4
11/05/2021,$662.72,2517646,$676.74,$677.76,$661.11
11/04/2021,$674.08,2480616,$659.44,$676.08,$657.75
11/03/2021,$655.18,1970703,$645.52,$656.5,$640
11/02/2021,$640.4,1769966,$641.12,$647.7436,$639.23
11/01/2021,$640.2,2215757,$651.05,$654,$634.78
10/29/2021,$650.36,1927887,$637.77,$651.31,$637
10/28/2021,$639.28,2085002,$638,$642.49,$633.27
10/27/2021,$640.08,1630177,$644.48,$648.8053,$639.81
10/26/2021,$642.5,2153959,$650.91,$659.19,$642.1
10/25/2021,$646.97,1629369,$644.47,$649.62,$639.0652
10/22/2021,$643.58,1786582,$640.43,$644.43,$634.45
10/21/2021,$638.66,1586592,$632,$639.17,$629
10/20/2021,$632.37,1497205,$639.28,$641.29,$630.1713
10/19/2021,$636.07,2470024,$625.26,$639.39,$625.26
10/18/2021,$622.83,1905125,$610.65,$623.47,$607.57
10/15/2021,$610.09,1960103,$611.694,$612.25,$607.55
10/14/2021,$607.51,2501675,$600,$609.44,$596.97
10/13/2021,$591.12,2144405,$585.26,$593.54,$582.655
10/12/2021,$580.69,1740279,$579.157,$584.22,$574.42
10/11/2021,$573.07,1410612,$574.5,$582.28,$571.495
10/08/2021,$576.86,2051019,$581.3,$583.61,$575.52
10/07/2021,$578.96,2648546,$578.46,$586.145,$576.19
10/06/2021,$570.31,2043151,$561.24,$572.155,$560.21
10/05/2021,$566.7,2337838,$563.91,$570.29,$559.21
10/04/2021,$558.49,3976963,$574.59,$576.8,$552.14
10/01/2021,$577.47,2915254,$577.52,$581.47,$568.61
09/30/2021,$575.72,2747916,$580.64,$586.1946,$573.2358
09/29/2021,$577.7,2726816,$585.45,$586.55,$576.07
09/28/2021,$578.77,5108900,$596.3142,$596.3142,$578.33
09/27/2021,$603.65,4152187,$615.8,$616.6562,$602.73
09/24/2021,$622.71,2809022,$628,$629.03,$618.22
09/23/2021,$630.84,2985547,$632.288,$633.815,$627.02
09/22/2021,$626.08,5689624,$624.79,$628.94,$615.06
09/21/2021,$645.89,2449253,$646.876,$650.945,$640.3
09/20/2021,$641.29,2637412,$646.035,$653.93,$633.05
09/17/2021,$654.48,3553211,$663.21,$665,$652.04
09/16/2021,$665.11,2046113,$657.53,$666.47,$654.705
09/15/2021,$661.08,2009337,$652.315,$663.309,$650.975
09/14/2021,$645.01,2150162,$646,$649.58,$642.46
09/13/2021,$645.15,2242491,$663.04,$663.6,$640.24
09/10/2021,$658.94,1204255,$666.18,$668.87,$658.2
09/09/2021,$661.68,1110228,$664.84,$667.46,$659.93
09/08/2021,$663.22,1368043,$660.15,$664.08,$657.1
09/07/2021,$661.39,1382387,$667.35,$668.87,$656.55
09/03/2021,$666.59,1641621,$664.43,$673.88,$664.295
09/02/2021,$664.64,1403452,$669.82,$669.85,$661.67
09/01/2021,$665.89,1261172,$664.51,$668.96,$662
08/31/2021,$663.7,1877807,$667.9,$667.9,$660.46
08/30/2021,$665.99,1341472,$659.7774,$667.67,$659.7774
08/27/2021,$658.52,1142619,$652.52,$662.61,$651.86
08/26/2021,$652.39,1619386,$653.59,$657.91,$649.35
08/25/2021,$656.8,1048207,$658.61,$661.06,$651.64
08/24/2021,$657.24,866488,$659.14,$660,$653.4
08/23/2021,$656.86,1652444,$645.87,$658.5,$645.52
08/20/2021,$647.34,1434000,$639.84,$652,$634.53
08/19/2021,$637.66,1693879,$624.88,$642.55,$623.6334
08/18/2021,$626.77,1386502,$632.8,$637.14,$626.05
08/17/2021,$635.01,1346430,$636.55,$637,$630.22
08/16/2021,$636.94,1105563,$637.03,$638.02,$628.188
08/13/2021,$637.31,932829,$634.49,$638.426,$632.35
08/12/2021,$634.35,1163881,$626,$636.64,$624.04
08/11/2021,$626.03,1328509,$623.76,$627.42,$621.65
08/10/2021,$621.74,1540139,$630.48,$633.2999,$620.6
08/09/2021,$629.22,1119124,$634.98,$634.98,$626.925
08/06/2021,$631.38,1127956,$629.27,$631.84,$625.17
08/05/2021,$632.08,1158339,$626.99,$632.47,$623
08/04/2021,$625.68,1306893,$622.47,$627.08,$617.6202
08/03/2021,$621.28,1067408,$620.23,$624.7,$614
08/02/2021,$618.75,1467043,$625.87,$627.6,$612.93
07/30/2021,$621.63,1403651,$619.03,$622.8,$617.29
07/29/2021,$621.7,1068902,$617.04,$625.67,$617.04
07/28/2021,$620.92,1468103,$620.99,$626,$617.57
07/27/2021,$618.28,1540250,$620.996,$623.92,$610.64
07/26/2021,$620.8,1389898,$624.18,$625.87,$619.725
07/23/2021,$625.87,2030395,$625.76,$631.64,$622.0001
07/22/2021,$623.68,1477891,$614.58,$623.95,$614.58
07/21/2021,$612.26,1381019,$605.72,$612.58,$603.32
07/20/2021,$608.72,1675926,$605.39,$612.75,$598.48
07/19/2021,$602.05,2046575,$602.75,$610.69,$598.14
07/16/2021,$606.1,1249738,$608.71,$611.62,$603.66
07/15/2021,$606.17,1618283,$608.4,$609.95,$602.6501
07/14/2021,$608.83,1377018,$608.14,$611.305,$604.01
07/13/2021,$605.01,1435602,$600.56,$609.33,$598.42
07/12/2021,$600.2,1696279,$606,$607.4229,$596.48
07/09/2021,$604.5,2145199,$601.43,$605.95,$597.44
07/08/2021,$605.95,1846617,$595.64,$607.2989,$593.33
07/07/2021,$605.77,2022482,$600,$607.665,$597.4
07/06/2021,$596.9,1657567,$595.87,$600.66,$592.48
07/02/2021,$593.07,1744955,$588.67,$594.08,$587.96
07/01/2021,$584.73,1646412,$583.33,$587.7799,$581.35
06/30/2021,$585.64,1704224,$590.75,$592.2402,$585
06/29/2021,$590.75,1204806,$586.78,$591.34,$583.9
06/28/2021,$588.8,1713970,$582.71,$589.41,$581
06/25/2021,$579.66,2133465,$578.64,$582,$577.0552
06/24/2021,$578.26,1835008,$575.9,$580.966,$574.96
06/23/2021,$574.23,1616933,$577.99,$579.8,$570.705
06/22/2021,$575.74,2370737,$568.505,$576.31,$567
06/21/2021,$567.35,2625919,$565.99,$570.19,$560.3501
06/18/2021,$565.59,6762031,$569.961,$570,$556.39
06/17/2021,$551.36,3566351,$539.99,$552.72,$538.75
06/16/2021,$543.33,2842016,$548.46,$553.99,$535.72
06/15/2021,$548.46,2424774,$554.99,$555,$547.2304
06/14/2021,$556.95,3522621,$545.04,$561.36,$543.25
06/11/2021,$541.26,2871289,$529.75,$541.85,$529.75
06/10/2021,$535.52,3152379,$513.99,$536.41,$513.01
06/09/2021,$514.68,1702714,$513.99,$518.318,$512.48
06/08/2021,$509.2,1747779,$511.15,$516.29,$508.0701
06/07/2021,$509.47,1768754,$504.99,$509.78,$502
06/04/2021,$504.5,1644301,$498.73,$506.5,$497.72
06/03/2021,$493.14,1539128,$492.4,$496.755,$487.34
06/02/2021,$495.77,1761478,$495.18,$501.8237,$493.09
06/01/2021,$495.91,2189020,$504.54,$506,$492.31
05/28/2021,$504.58,1924999,$506.08,$511.37,$504.19
05/27/2021,$498.28,2957310,$505,$505,$497.45
05/26/2021,$506.98,1695747,$506.27,$509.5,$504.63
05/25/2021,$505.08,2322468,$499.02,$505.6021,$498.87
05/24/2021,$497.83,1831564,$494.64,$499.99,$492.01
05/21/2021,$488.07,1568115,$494.19,$496.23,$487.13
05/20/2021,$491.67,1991223,$483.68,$495.36,$482.61
05/19/2021,$480.47,2047511,$473.02,$480.87,$472
05/18/2021,$480.62,1395237,$484.63,$488.32,$480.46
05/17/2021,$482.74,1580588,$487.03,$487.87,$478.11
05/14/2021,$486.56,1857198,$481.63,$488.33,$478.69
05/13/2021,$474.16,1996532,$478.01,$480.46,$471.76
05/12/2021,$472.09,2399059,$477.189,$480.99,$469.57
05/11/2021,$485.19,2293963,$471.03,$486.91,$468.5
05/10/2021,$479.38,1970931,$487.54,$489.04,$478.625
05/07/2021,$488.73,1632407,$496,$499.15,$485.78
05/06/2021,$483.61,2537227,$485.67,$485.67,$475.92
05/05/2021,$486.69,1875287,$495.69,$498.625,$484.44
05/04/2021,$490.7,2528948,$499.47,$499.47,$484.83
05/03/2021,$503.46,1458698,$510.97,$511.74,$501.121
04/30/2021,$508.34,1950559,$514.13,$515.05,$507.15
04/29/2021,$516.09,1592562,$518.11,$520.45,$510.62
04/28/2021,$515.48,1472191,$515.24,$519.1299,$510.015
04/27/2021,$517.32,1944013,$518,$519.155,$511.3455
04/26/2021,$515.7,1387542,$513.57,$516.31,$510.25
04/23/2021,$515.84,2257590,$508.79,$517.4973,$508.395
04/22/2021,$507.29,2084841,$508.08,$512.77,$504.06
04/21/2021,$512.34,1678305,$515.02,$515.48,$509.55
04/20/2021,$514.21,1677468,$515.29,$517.29,$510.6
04/19/2021,$516.17,1917732,$523.13,$524,$514.4401
04/16/2021,$525.08,2031733,$524.21,$525.44,$518.55
04/15/2021,$523.25,2122337,$515.67,$524.59,$515.1
04/14/2021,$510.63,1956447,$514,$517.78,$509.13
04/13/2021,$514.86,2195707,$506.85,$517.2645,$506.78
04/12/2021,$506.03,1584592,$499.29,$506.94,$498.44
04/09/2021,$504.04,1887016,$498.37,$504.44,$492.6
04/08/2021,$499.84,2026282,$500.16,$504.6,$498.1401
04/07/2021,$493.41,1576981,$492.98,$494.85,$487.89
04/06/2021,$491.34,1878330,$492.32,$495.59,$487.57
04/05/2021,$491.62,2982522,$483.69,$495.51,$480.5
04/01/2021,$483.34,2664694,$483.12,$487.04,$480.71
03/31/2021,$475.37,3155889,$469.7,$482.41,$468.7
03/30/2021,$465.46,2436593,$462.58,$469.0925,$461.5
03/29/2021,$469.32,3142203,$469.03,$472,$462.5
03/26/2021,$469.09,3615888,$450.25,$469.77,$449.05
03/25/2021,$450.99,3201472,$448.33,$456.87,$445.41
03/24/2021,$451.51,5214125,$464.764,$465.61,$448.34
03/23/2021,$460.2,5316974,$457.35,$466.88,$456.41
03/22/2021,$452.41,2944311,$444.86,$457.82,$444.86
03/19/2021,$441.5,3923830,$439.18,$444.5,$438.14
03/18/2021,$439.18,2932687,$443.16,$446.86,$438.5
03/17/2021,$451.01,2502732,$445.44,$453.94,$441.02
03/16/2021,$450.54,2618819,$452.01,$457.41,$449.6701
03/15/2021,$447.59,2508699,$444.4,$447.79,$437.77
03/12/2021,$444.3,2183051,$443.45,$445.89,$438.6
03/11/2021,$451.06,2762233,$448.136,$454.07,$447.305
03/10/2021,$437.01,2747267,$445.728,$448.46,$436.82
03/09/2021,$439.18,3926385,$437.84,$442.75,$436
03/08/2021,$421.2,3885123,$439.76,$440.99,$420.78
03/05/2021,$440.83,4614971,$444.88,$444.95,$423.7101
03/04/2021,$439.06,4486442,$446.45,$457.53,$437.63
03/03/2021,$448.45,2808148,$463.22,$464.68,$448.09
03/02/2021,$466.59,2211002,$473.03,$473.8016,$463.46
03/01/2021,$469.57,2358980,$465.68,$470.5,$462.65
02/26/2021,$459.67,3154846,$462.805,$467.32,$456.01
02/25/2021,$459.16,3252503,$471.24,$476.31,$456.01
02/24/2021,$476.62,3390646,$463.49,$477.35,$460.29
02/23/2021,$467.8,4164345,$461.02,$471.44,$450.12
02/22/2021,$467.33,2510485,$470.48,$472.1,$466.66
02/19/2021,$479.12,2720714,$487.16,$488.65,$476.1
02/18/2021,$488.37,1803375,$486.32,$489.8,$480
02/17/2021,$491.23,2114019,$495.41,$495.55,$485.51
02/16/2021,$501.64,1846163,$500.03,$506.51,$497.595
02/12/2021,$498.84,1450621,$495.16,$499.36,$491.76
02/11/2021,$496.62,1609829,$494.53,$497,$491.08
02/10/2021,$492.67,1764466,$499.17,$499.9874,$490.27
02/09/2021,$496.05,1571477,$495,$497.95,$492.01
02/08/2021,$493.76,1727272,$494.26,$497.86,$489.21
02/05/2021,$492.12,1675141,$490.92,$495.1,$488
02/04/2021,$489.38,2005114,$484.22,$489.88,$481.92
02/03/2021,$481.92,2146948,$487.09,$488.85,$479.17
02/02/2021,$484.93,3022025,$473.65,$487.37,$472.55
02/01/2021,$470,2554774,$462.28,$474.8,$459.82
01/29/2021,$458.77,3061106,$462.17,$465,$455.11
01/28/2021,$465.67,3000726,$459.07,$475.02,$459.07
01/27/2021,$460,3586353,$470.99,$473.67,$455.07
01/26/2021,$476.28,2363124,$473.73,$477.22,$467.76
01/25/2021,$473.44,2697405,$474.51,$477.7,$463.98
01/22/2021,$472.44,2534274,$472.5,$476.35,$470.61
01/21/2021,$472.02,2771772,$470.26,$474.69,$466.1
01/20/2021,$469.73,3858988,$462.73,$472.385,$458.77
01/19/2021,$456.5,4419205,$461.17,$461.5899,$453.34
01/15/2021,$458.08,3200352,$462.5,$467.88,$457.49
01/14/2021,$463.27,3508273,$472.41,$473.55,$462.2
01/13/2021,$472.05,2105915,$472,$477.85,$469.3
01/12/2021,$471.65,2964880,$474.41,$475,$464
01/11/2021,$474.24,2383254,$481.99,$482.59,$471.3
01/08/2021,$485.1,2266132,$480,$485.54,$477.21
01/07/2021,$477.74,2901232,$471,$479.64,$468.25
01/06/2021,$466.31,4156589,$474.0984,$475.8666,$466
01/05/2021,$485.69,2010099,$485.88,$486.08,$479.195
01/04/2021,$485.34,3612949,$500.3,$500.79,$476.28
12/31/2020,$500.12,1462236,$497.99,$500.66,$494.89
12/30/2020,$497.45,1529878,$503.05,$504.37,$496.3275
12/29/2020,$502.11,1434200,$501.165,$505.35,$499.74
12/28/2020,$498.95,1515441,$505.61,$506.04,$496.815
12/24/2020,$499.86,589182,$499.16,$503.01,$497.28
12/23/2020,$496.91,1428583,$505.13,$505.46,$496.59
12/22/2020,$504.17,1701985,$498.36,$506.92,$495.83
12/21/2020,$498.39,2412884,$498.05,$502,$491.5
12/18/2020,$502.95,4667387,$497.61,$504.07,$493.57
12/17/2020,$495.36,2178354,$493,$496.99,$490.63
12/16/2020,$489.9,2555596,$485,$491.5,$484.11
12/15/2020,$482.64,2559319,$489.05,$489.5,$480.53
12/14/2020,$486.42,3945198,$475.61,$488.41,$475.5
12/11/2020,$475.91,3561554,$475.975,$478.89,$468.82
12/10/2020,$476.87,3922009,$483.74,$488.29,$470.95
12/09/2020,$483.74,3449121,$496.03,$497,$479.26
12/08/2020,$495.28,2175673,$492.29,$496.04,$486.2001
12/07/2020,$492.25,3441683,$487,$499.29,$487
12/04/2020,$486,2749793,$485.67,$491.3899,$484.3601
12/03/2020,$484.28,3062675,$482.21,$492.81,$481.5
12/02/2020,$481.26,2107080,$475.67,$481.32,$470.12
12/01/2020,$479.15,2533070,$482.01,$482.01,$471.6328
11/30/2020,$478.47,2786955,$480,$480.86,$469.2
11/27/2020,$477.03,1815490,$476.9,$482.405,$474.86
11/25/2020,$470.08,2634472,$466.29,$472.525,$464.845
11/24/2020,$462.7,2588241,$461.41,$464.49,$456.6778
11/23/2020,$460.61,2371433,$464.633,$467,$456.17
11/20/2020,$462.92,1851107,$465.16,$470,$462.36
11/19/2020,$466.41,3132704,$460,$471.04,$459.26
11/18/2020,$459.47,2063159,$466.71,$467.9,$459.26
11/17/2020,$467.95,2407597,$461.66,$469.9099,$460
11/16/2020,$460.95,2522187,$460.43,$469.53,$458.2501
11/13/2020,$469.34,2966003,$467.45,$470.6,$459
11/12/2020,$462.58,2115319,$473.49,$474.933,$461.15
11/11/2020,$467.75,2634159,$458.49,$470.12,$457.5
11/10/2020,$452,4920340,$466.72,$468.01,$446
11/09/2020,$471.14,3625298,$494.696,$499.41,$470.76
11/06/2020,$494.63,1956305,$494.95,$498.72,$483
11/05/2020,$496.47,2400994,$499.27,$502.53,$489.8
11/04/2020,$487.23,4524341,$477.93,$494.94,$474.47
11/03/2020,$454.02,1758640,$448.99,$457.844,$445.67
11/02/2020,$444.94,2479005,$451,$456.185,$438.94
10/30/2020,$447.1,3128709,$458.32,$459.5,$442.51
10/29/2020,$461.11,2125281,$459.32,$464.73,$457.28
10/28/2020,$456.97,2677304,$469.165,$470.97,$455.88
10/27/2020,$478.56,1896459,$479.78,$481.89,$473.47
10/26/2020,$475.2,2337431,$480.884,$488.78,$470.13
10/23/2020,$488.5,1899599,$486.41,$488.51,$479.51
10/22/2020,$483.6,2615048,$496.72,$496.86,$479.4
10/21/2020,$495.96,1369735,$492.05,$499.81,$490.57
10/20/2020,$494.58,1454449,$495.25,$500.165,$491.91
10/19/2020,$495.2,1931403,$507.75,$507.75,$493.195
10/16/2020,$502.82,2441382,$504,$510.34,$500.7
10/15/2020,$501.15,2043107,$499.26,$502.5,$491.85
10/14/2020,$506.31,2033159,$514.34,$516.95,$501.6
10/13/2020,$514.31,2438132,$512.19,$519.6,$511.9001
10/12/2020,$510.89,3149650,$508.26,$516,$499.54
10/09/2020,$502.16,1853780,$491.77,$502.17,$491.176
10/08/2020,$490.84,1590732,$499.05,$499.489,$487.56
10/07/2020,$493.15,2025769,$484.35,$493.98,$481.43
10/06/2020,$478.98,2041545,$485,$491.51,$477.5
10/05/2020,$486.47,1984130,$483.25,$486.69,$478.99
10/02/2020,$478.99,2780946,$487.99,$496.78,$478.64
10/01/2020,$499.51,2264603,$497.425,$501.5,$495.76
09/30/2020,$490.43,3508159,$488.13,$497.24,$486.22
09/29/2020,$489.33,2043887,$489.94,$493.45,$484.17
09/28/2020,$488.51,2844778,$487.97,$489.39,$481.18
09/25/2020,$479.78,2541114,$469.23,$481.58,$466.01
09/24/2020,$467.67,2838781,$466.93,$471.425,$460.27
09/23/2020,$470.39,2671337,$486.88,$488,$468.2301
09/22/2020,$486.78,2629133,$479.31,$487.2,$469.56
09/21/2020,$475.64,3913745,$460.31,$475.86,$456.725
09/18/2020,$467.55,7182302,$477.395,$478.34,$452.52
09/17/2020,$474.3,4560776,$464.442,$475.17,$460.5
09/16/2020,$476,8472420,$505.5,$505.5,$475.5
09/15/2020,$497.67,5682447,$493.74,$499.6899,$491.49
09/14/2020,$485.91,4463826,$484.99,$490.44,$476.87
09/11/2020,$471.35,4414226,$487.08,$489.41,$464.48
09/10/2020,$476.26,4248135,$491.15,$501.85,$473.5001
09/09/2020,$479.46,3312148,$473.905,$483.49,$462.48
09/08/2020,$462.13,4533544,$471.895,$481.48,$461.18
09/04/2020,$491.94,3900326,$504.65,$511.35,$471.71
09/03/2020,$507.8,5837638,$526.035,$527.63,$493.42
09/02/2020,$533.8,2783438,$536.25,$536.88,$521.41
09/01/2020,$527.95,2422061,$515,$528.536,$514.48
08/31/2020,$513.39,2346705,$513.86,$516.73,$507.77
08/28/2020,$516.44,1926261,$512.33,$518.797,$510.94
08/27/2020,$510.32,3631779,$519.01,$523.3238,$504.46
08/26/2020,$528.49,7780346,$496.95,$533.6979,$492.23
08/25/2020,$484.43,3967365,$476.67,$484.65,$474.425
08/24/2020,$476.3,1840607,$478.14,$480.02,$469.52
08/21/2020,$473.22,2645579,$477.09,$477.28,$470.34
08/20/2020,$478.48,2484983,$460.99,$479.8,$458.8868
08/19/2020,$462.01,2439150,$464.29,$468.11,$457.5871
08/18/2020,$463.51,2097690,$454.79,$464.5,$452.84
08/17/2020,$451.58,1555942,$450,$456.1,$449.2
08/14/2020,$447.6,1111145,$451.39,$452.814,$444.4262
08/13/2020,$450.02,2028199,$446.07,$455.9,$446.07
08/12/2020,$445.36,2224424,$437.37,$447.9299,$437.37
08/11/2020,$435.23,1900223,$440.26,$444.48,$431.59
08/10/2020,$443.29,1837078,$450.37,$451.125,$436.5
08/07/2020,$449.57,3289685,$460.87,$461.79,$445.09
08/06/2020,$464.11,2362002,$451.35,$464.37,$449.13
08/05/2020,$449.51,2353535,$449.09,$454.035,$446.345
08/04/2020,$446.92,2622566,$448.26,$449.0799,$440.7
08/03/2020,$447.97,2076479,$449.84,$450.74,$442.28
07/31/2020,$444.32,2035254,$441.98,$444.4385,$434.8
07/30/2020,$438.88,1448955,$429.98,$440.5,$426.81
07/29/2020,$436.3,1489294,$435.16,$440.48,$435.04
07/28/2020,$432.26,1463467,$436.83,$438.26,$431.33
07/27/2020,$437.1,1621956,$431.77,$438.36,$431.01
07/24/2020,$430.31,1901029,$425,$435,$423.4406
07/23/2020,$431.74,2313874,$445.04,$448.81,$430.3001
07/22/2020,$445.05,1400685,$447.55,$449.3712,$441.76
07/21/2020,$444.28,2027852,$456.07,$456.9899,$441.75
07/20/2020,$455.27,3512508,$434.06,$456.89,$433
07/17/2020,$432.42,2568205,$428.12,$433.5,$423.7
07/16/2020,$426.29,2678060,$428.43,$430.59,$418.505
07/15/2020,$433.01,2566648,$434.91,$439.63,$428.7341
07/14/2020,$433.78,5666716,$435.74,$437.21,$416.29
07/13/2020,$442.47,3480659,$469.77,$470.61,$440.64
07/10/2020,$466.2,3676513,$460.83,$467.21,$455.48
07/09/2020,$460.84,2269815,$460.44,$463.8,$451.88
07/08/2020,$457.68,1999227,$453.76,$458.2424,$452
07/07/2020,$449.36,2684565,$452.59,$459.44,$448.72
07/06/2020,$452.59,2761224,$448,$455.53,$444.69
07/02/2020,$442.95,2502970,$445,$448.16,$441.36
07/01/2020,$439.81,2581983,$434.8,$442.045,$433.621
06/30/2020,$435.31,2945149,$426.68,$436.91,$423.86
06/29/2020,$424.2,2623877,$427.11,$428.48,$416.032
06/26/2020,$426.92,3829731,$436,$438.18,$424.7129
06/25/2020,$436.95,2275241,$430.01,$437.99,$427.5801
06/24/2020,$431.68,3329423,$440,$442.67,$427.47
06/23/2020,$440.55,3065927,$440.07,$446.15,$436.01
06/22/2020,$438.64,3156280,$428.96,$438.95,$428.54
06/19/2020,$428.01,3931569,$423.76,$429.27,$419.65
06/18/2020,$420.46,2578409,$413.5,$420.84,$413
06/17/2020,$413.49,2112320,$414,$417.46,$411.36
06/16/2020,$411.67,3766685,$407.83,$414.68,$405.475
06/15/2020,$401.34,3783968,$398.8,$406.11,$397
06/12/2020,$406.54,8332571,$409.3,$411.72,$395.41
06/11/2020,$387.67,4123651,$400,$404.2,$387.37
06/10/2020,$406.82,3611582,$399.59,$409.98,$399.49
06/09/2020,$397.16,2279327,$397.03,$402.31,$394.15
06/08/2020,$397.78,2592963,$391,$398.1,$385.84
06/05/2020,$392.9,2793982,$384.64,$396.17,$382
06/04/2020,$385.8,2422986,$389.5,$395.7201,$382.28
06/03/2020,$389.92,2537092,$390.82,$391.14,$387.46
06/02/2020,$390.44,2509555,$389.92,$390.91,$382.03
06/01/2020,$389.68,2035186,$387.08,$389.99,$382.895
05/29/2020,$386.6,5937467,$382.62,$389.05,$377.075
05/28/2020,$379.83,2904450,$372.5,$386.9,$372.5
05/27/2020,$375.17,3553278,$373.24,$375.7,$361.44
05/26/2020,$376.63,3525983,$391,$391.27,$374.8103
05/22/2020,$385.26,1688159,$381.39,$386.52,$380.95
05/21/2020,$382.17,2261384,$382,$385.12,$380.6
05/20/2020,$383.63,2824862,$377.21,$384.4,$377.06
05/19/2020,$372.2,2753685,$369.88,$376,$368.89
05/18/2020,$367.97,2352319,$371.59,$375.49,$367.21
05/15/2020,$365.3,2626904,$351.57,$365.48,$351.53
05/14/2020,$355.39,2752031,$354,$357,$348.01
05/13/2020,$358.56,3365501,$366.45,$367.43,$352.71
05/12/2020,$365.1,2071782,$371.46,$372.72,$364.55
05/11/2020,$371.42,2266282,$365.84,$373.63,$364.5
05/08/2020,$367.51,2548366,$370,$371.0999,$365.41
05/07/2020,$366.78,2466063,$368.82,$369.5,$365.501
05/06/2020,$362.52,2319702,$357.92,$366.79,$357.1301
05/05/2020,$356.13,2377555,$353.38,$359.7,$352.39
05/04/2020,$349.11,2372392,$340.74,$350.596,$340
05/01/2020,$343.84,2578615,$347.24,$350.3099,$340.26
04/30/2020,$353.64,3902173,$348.01,$356.23,$346.55
04/29/2020,$349.17,5006415,$339.53,$351.25,$335.44
04/28/2020,$333.45,3895571,$353.09,$353.45,$332.57
04/27/2020,$348.5,2375636,$348.8,$349.96,$345.12
04/24/2020,$344.1,2146162,$338,$344.7,$333.5011
04/23/2020,$335.37,2120251,$338.9,$341.75,$334.8
04/22/2020,$336.77,2231819,$337.41,$339.38,$332.8006
04/21/2020,$328.99,3548202,$340.9,$342.763,$325.21
04/20/2020,$344.88,2771970,$340.79,$348.5,$338.75
04/17/2020,$344.11,3342418,$350.091,$350.38,$340.5
04/16/2020,$342.7,3918632,$339.71,$345.515,$336.035
04/15/2020,$332.55,2818631,$335.34,$339.2242,$329.645
04/14/2020,$340.765,3858854,$328.77,$342.095,$328.47
04/13/2020,$320.65,1838954,$315.94,$320.9,$313.75
04/09/2020,$318.7,3300177,$318.65,$320.78,$310.79
04/08/2020,$317.18,4002545,$313.88,$317.72,$308.2
04/07/2020,$308.93,5422270,$327.41,$328.32,$306.3
04/06/2020,$319.13,5145092,$306.56,$320.51,$299.955
04/03/2020,$293.61,3934718,$302.06,$303.47,$289.71
04/02/2020,$303.96,3590071,$297.76,$306.5,$293.18
04/01/2020,$301.21,3902957,$307,$309.6105,$298.32
03/31/2020,$318.24,6414549,$316.41,$326.3344,$312.68
03/30/2020,$318.39,4340463,$308.89,$322.97,$308.01
03/27/2020,$305.83,4862124,$311.7,$314.2872,$300.63
03/26/2020,$322.67,4534399,$305.99,$324.43,$305.69
03/25/2020,$305.91,4830363,$308,$317.65,$298.13
03/24/2020,$310,6592213,$322.96,$326.99,$301.59
03/23/2020,$307.27,6016822,$296.67,$312.49,$287.78
03/20/2020,$295.34,7461753,$312.92,$324.8,$293.77
03/19/2020,$307.51,6023835,$291.77,$318.705,$281.1
03/18/2020,$294.61,7293306,$290,$296.87,$255.1314
03/17/2020,$311.81,6189140,$291.2,$312.95,$278.35
03/16/2020,$286.03,7140139,$288.356,$307.11,$283.25
03/13/2020,$335.5,8935220,$312.88,$336,$298.0001
03/12/2020,$285,7230152,$290.41,$310.13,$283.0001
03/11/2020,$315.23,4874326,$324.32,$326.357,$309
03/10/2020,$332.38,5973672,$318.98,$332.94,$309.31
03/09/2020,$305.79,5291910,$311.68,$322.44,$305.33
03/06/2020,$336.77,5622911,$340.45,$344.1599,$326.6
03/05/2020,$351.03,3199006,$355.06,$360.45,$347.19
03/04/2020,$363.85,4146282,$354.38,$364.27,$350.08
03/03/2020,$348.34,4204501,$361.76,$364.95,$344.04
03/02/2020,$360.28,5398135,$349.81,$360.75,$342.61
02/28/2020,$345.12,6469131,$324.42,$345.46,$324
02/27/2020,$337.52,4737676,$340,$352.2396,$337.27
02/26/2020,$351.34,3494105,$349.4,$360.07,$348.6
02/25/2020,$347.8,4188112,$361,$363.97,$346.28
02/24/2020,$357.41,3924013,$355.39,$363.46,$349
02/21/2020,$372.95,2743135,$378.02,$378.34,$368.75
02/20/2020,$378.96,3789340,$384,$386.745,$373.48
02/19/2020,$383.28,2580455,$383.83,$385,$381.48
02/18/2020,$378.85,2074715,$380.2,$382.59,$378.59
02/14/2020,$379.67,1690561,$376.28,$379.83,$375.85
02/13/2020,$374.84,1917119,$372.56,$377.71,$372.39
02/12/2020,$374.29,2355797,$370.64,$374.425,$367.1538
02/11/2020,$369.28,2005005,$373.03,$373.7,$367.25
02/10/2020,$370,2427076,$365.44,$370.81,$365.22
02/07/2020,$366.09,2092872,$366,$369.34,$364.38
02/06/2020,$367.46,2224882,$366.16,$368.25,$363.01
02/05/2020,$365.55,2463385,$373.99,$374.475,$362.31
02/04/2020,$366.74,3052967,$363.43,$367.444,$360.45
02/03/2020,$358,2693989,$353.41,$358.67,$352.29
01/31/2020,$351.14,3692938,$355.84,$355.84,$348.296
01/30/2020,$356.74,1834931,$349.6935,$356.82,$349.6935
01/29/2020,$351.66,1523203,$356.6965,$356.6965,$351.36
01/28/2020,$354.63,2270756,$349,$355.66,$347.12
01/27/2020,$346.9,2652030,$341.04,$349.9,$340.4
01/24/2020,$351.37,1640163,$354.1,$355.69,$349.2
01/23/2020,$351.76,2084658,$351.02,$352.16,$347.85
01/22/2020,$350.06,1600485,$352.6,$354.28,$349.96
01/21/2020,$350,2121335,$346.37,$352.37,$345.62
01/17/2020,$349.74,2536157,$349,$349.95,$346.3825
01/16/2020,$345.38,2439600,$345.98,$345.99,$342.76
01/15/2020,$342.94,2213374,$346.42,$347.5,$342.46
01/14/2020,$344.63,2274687,$347.01,$347.27,$343.15
01/13/2020,$345.63,2069555,$341.54,$345.73,$341.22
01/10/2020,$339.81,1481141,$342.05,$343.36,$339.62
01/09/2020,$340.45,1626380,$340.14,$341.8099,$338.19
01/08/2020,$337.87,2248531,$333.81,$339.23,$333.4
01/07/2020,$333.39,2507261,$334.15,$334.79,$332.305
01/06/2020,$333.71,1875122,$328.29,$333.91,$328.19
01/03/2020,$331.81,1579368,$329.17,$332.98,$328.69
01/02/2020,$334.43,1990496,$330,$334.48,$329.17
12/31/2019,$329.81,1592512,$326.25,$329.94,$326.25
12/30/2019,$328.34,1896731,$330.35,$330.465,$325.165
12/27/2019,$330.79,1229983,$332.88,$332.88,$329.7701
12/26/2019,$331.2,1056199,$329.63,$331.28,$329.63
12/24/2019,$329.64,1066406,$329,$331.54,$328.68
12/23/2019,$328.95,2210706,$328.83,$329.88,$327.26
12/20/2019,$327.61,4233263,$328.37,$330,$325.62
12/19/2019,$327.63,2561397,$324.38,$327.96,$324.26
12/18/2019,$324.38,2332734,$322.1,$326.82,$322.0066
12/17/2019,$322.85,2332492,$325.04,$325.08,$321.75
12/16/2019,$323.8,3438739,$319.27,$325.25,$319.27
12/13/2019,$317.94,6608031,$314.11,$321.7299,$313.74
12/12/2019,$305.96,3127412,$303,$306.5838,$300.72
12/11/2019,$303.74,2929453,$305.15,$305.38,$301.48
12/10/2019,$304.17,2156696,$306.62,$309.03,$304.1
12/09/2019,$307.05,2895186,$308.91,$310.91,$306.7
12/06/2019,$306.23,1733188,$306.2,$306.745,$303.16
12/05/2019,$303.03,1698102,$303.13,$304.24,$301
12/04/2019,$302.51,1522832,$305,$305.325,$301.28
12/03/2019,$303.91,1661171,$298.24,$304.46,$297.32
12/02/2019,$302.75,2894691,$309.22,$309.9,$299.51
11/29/2019,$309.53,1175056,$308.52,$310,$308
11/27/2019,$309.06,1470036,$308.5,$309.17,$305.74
11/26/2019,$307.9,2619497,$305,$309.06,$304.89
11/25/2019,$305.28,2205626,$300.48,$305.45,$300.48
11/22/2019,$299.3,1508874,$299.59,$299.92,$295.8
11/21/2019,$298.8,1609828,$298.99,$300.35,$296.62
11/20/2019,$300.1,1841524,$299.39,$302.05,$297.05
11/19/2019,$300.6,2143343,$298.75,$300.74,$296.39
11/18/2019,$297.16,1632801,$297.55,$298.56,$296
11/15/2019,$297.5,2011741,$296.54,$297.5,$293.56
11/14/2019,$294.53,1461895,$293.54,$295.08,$292.15
11/13/2019,$293.54,1806939,$291.86,$293.7,$290.26
11/12/2019,$291.72,2085313,$290.79,$294.16,$290.27
11/11/2019,$290.27,1778006,$291.95,$292.339,$289.7
11/08/2019,$292.46,1628523,$290.02,$292.46,$288.48
11/07/2019,$290.77,3201667,$288.3,$293.48,$286.995
11/06/2019,$287.4,2762414,$289.11,$289.26,$285.61
11/05/2019,$289.29,6170607,$292.11,$292.88,$283.6
11/04/2019,$277.5,2790240,$280.56,$281.21,$276.05
11/01/2019,$277.82,2827222,$279.14,$281.83,$277.2675
10/31/2019,$277.93,2845383,$278.27,$279.32,$275.31
10/30/2019,$278.41,2320773,$273.25,$278.65,$272.61
10/29/2019,$271.45,1723508,$271.68,$273.72,$271.06
10/28/2019,$271.35,2281861,$271.58,$272.29,$268.3751
10/25/2019,$270.98,1822271,$267.8,$271.61,$267.02
10/24/2019,$269.7,3597687,$264.04,$271.46,$263.25
10/23/2019,$261.32,3079754,$261,$265.52,$259.57
10/22/2019,$261.09,3412660,$268.49,$269.28,$260.6401
10/21/2019,$266.84,2930534,$265.63,$267.43,$262.57
10/18/2019,$265.52,4391844,$269.36,$269.68,$262.1034
10/17/2019,$269.24,3414775,$272.61,$274.12,$267.15
10/16/2019,$272.7,4333191,$270.23,$272.81,$267.51
10/15/2019,$279.39,1969235,$278.17,$281.51,$278.02
10/14/2019,$277.78,1377116,$278.11,$279.415,$277.15
10/11/2019,$278.29,2098200,$278.37,$281.27,$277.63
10/10/2019,$274.98,1634808,$274.06,$276.71,$272.79
10/09/2019,$274.27,1376725,$273.52,$275.55,$272.86
10/08/2019,$270.83,2162370,$274.46,$275.41,$270.8
10/07/2019,$276.9,1856382,$276.32,$278.49,$275.59
10/04/2019,$276.96,2583298,$273.11,$278.08,$273.11
10/03/2019,$272.4,3652220,$266.92,$272.8,$263.85
10/02/2019,$266.66,3400605,$271.18,$271.18,$265.1903
10/01/2019,$272.71,3311550,$278.99,$279.6499,$271.87
09/30/2019,$276.25,4077253,$277.54,$279,$275.14
09/27/2019,$277.54,3168377,$284.63,$284.98,$274.1201
09/26/2019,$283.81,4325923,$278.46,$285.9,$277.01
09/25/2019,$277.43,3452563,$271.9,$277.71,$267.7269
09/24/2019,$272.47,3351591,$279.58,$280.7,$271.08
09/23/2019,$277.44,2068852,$275.93,$279.58,$275.41
09/20/2019,$277.91,4160719,$281.6,$283.2,$274.95
09/19/2019,$281.26,3171211,$280.17,$284.365,$279.83
09/18/2019,$279.72,7479171,$275.35,$280.29,$270.02
09/17/2019,$284.69,4541202,$284.04,$285.3,$280.355
09/16/2019,$282.93,2774732,$276.62,$283.05,$275.3
09/13/2019,$278.35,2948590,$278.22,$280.28,$276.32
09/12/2019,$278.02,2955024,$281,$282.28,$277.94
09/11/2019,$277.78,2593970,$277.66,$280.3099,$274
09/10/2019,$276.14,4098222,$277.58,$277.58,$272.34
09/09/2019,$279.3,3134613,$286.52,$286.93,$276.6
09/06/2019,$284.94,2273061,$288.2,$289.59,$283.96
09/05/2019,$287.75,2836385,$287.83,$288.0101,$281.52
09/04/2019,$284.6,1516136,$286.04,$286.245,$282.46
09/03/2019,$282.45,1838081,$284.25,$287.46,$281.4
08/30/2019,$284.51,2373297,$287.41,$288.5,$280.115
08/29/2019,$286.63,2172535,$285.71,$287.7,$283.615
08/28/2019,$282.13,2776778,$286.55,$287.99,$280.42
08/27/2019,$289.45,1793394,$290.66,$291.85,$286.5301
08/26/2019,$288.74,1792971,$284.86,$288.89,$283.51
08/23/2019,$282.44,2852522,$289.23,$293.5725,$280.97
08/22/2019,$287.69,1745838,$292.57,$292.9,$285.1215
08/21/2019,$291.53,1520360,$288.54,$292.92,$286.51
08/20/2019,$285.71,1491067,$287.97,$288.66,$285.4
08/19/2019,$287.97,1956105,$291.32,$291.77,$287.17
08/16/2019,$287.45,1981029,$285.58,$290.15,$283.32
08/15/2019,$282.71,2338678,$285.64,$286.49,$280.86
08/14/2019,$283.66,2585987,$287.6,$289.65,$281.425
08/13/2019,$293.17,2346691,$288.23,$295.5,$286.39
08/12/2019,$288.65,1580529,$293.14,$294.42,$287.4127
08/09/2019,$294.83,1451132,$296.14,$298.27,$292.15
08/08/2019,$297.78,2506035,$292.75,$297.87,$290.2
08/07/2019,$289.02,2196689,$282.24,$290.26,$282
08/06/2019,$286.21,2552138,$283.63,$286.99,$282.5
08/05/2019,$280.36,4292566,$285.04,$286.87,$276.78
08/02/2019,$293.71,3400897,$295.57,$297.35,$289.42
08/01/2019,$298.44,3210196,$299.15,$304.99,$296.77
07/31/2019,$298.86,3066861,$303.61,$304.95,$295.11
07/30/2019,$303.64,2157952,$305.07,$307.09,$302.55
07/29/2019,$307.22,2778446,$311.94,$311.94,$301.48
07/26/2019,$311.27,1507922,$309.97,$312.5,$309.26
07/25/2019,$308.73,1378470,$308.66,$309.66,$306.1
07/24/2019,$310.27,1459247,$305.81,$310.7317,$305.81
07/23/2019,$307.88,1826893,$309.91,$309.98,$305.22
07/22/2019,$308.55,1336736,$308.39,$309.92,$307.14
07/19/2019,$306.87,2100253,$311.56,$313.11,$305.265
07/18/2019,$310.08,1597673,$307.21,$310.92,$306.85
07/17/2019,$309.39,2298481,$307.13,$310.9566,$306.75
07/16/2019,$305.7,1838747,$308,$308.46,$305.0711
07/15/2019,$308.76,1161681,$310,$310.455,$307.72
07/12/2019,$309.42,1624840,$308.01,$309.7,$304.965
07/11/2019,$307.6,1951519,$307.39,$310.1709,$305.9
07/10/2019,$306.98,1954088,$305.1,$309.32,$305.1
07/09/2019,$304.2,1644254,$300.56,$305.13,$300.2201
07/08/2019,$302.92,1909180,$302.76,$303.11,$300.13
07/05/2019,$303.98,2872770,$304.01,$305.24,$298.93
07/03/2019,$305.7,1585273,$302,$305.86,$301.29
07/02/2019,$301.39,1816885,$301.19,$301.58,$299.3598
07/01/2019,$300.97,2624198,$299.55,$301.9,$297.66
06/28/2019,$294.65,2648300,$294.5,$295.1,$291.95
06/27/2019,$293.23,2596919,$290.04,$294.67,$290.04
06/26/2019,$288.72,2896763,$291.26,$292.76,$288.7
06/25/2019,$287.97,4638470,$299.21,$300.645,$287
06/24/2019,$299.87,2869223,$300,$302.58,$298.685
06/21/2019,$299.33,4015546,$301.46,$304,$299.09
06/20/2019,$302.11,5632525,$293.25,$302.66,$293.25
06/19/2019,$291.21,9738584,$287,$292,$284.34
06/18/2019,$276.78,4529340,$280.37,$280.4908,$276.62
06/17/2019,$275.6,2254229,$274.63,$277.47,$274.63
06/14/2019,$274.28,2262838,$275.91,$277.1,$274
06/13/2019,$276.3,1696743,$278.59,$278.96,$275.915
06/12/2019,$276.84,1313852,$276.13,$277.555,$274.575
06/11/2019,$275.99,2969720,$283.91,$284.89,$272.0301
06/10/2019,$280.34,2487726,$280.98,$284.98,$280.2
06/07/2019,$278.16,2759013,$275.87,$282.37,$275.51
06/06/2019,$274.8,2211787,$273.72,$275.76,$271.045
06/05/2019,$272.86,2650396,$272.78,$273.21,$268.39
06/04/2019,$268.71,3750815,$263.27,$268.93,$257.46
06/03/2019,$259.03,3903421,$270.51,$272.81,$257.53
05/31/2019,$270.9,2526653,$271.28,$272.91,$268.75
05/30/2019,$274.51,1601106,$274.43,$275.09,$272.43
05/29/2019,$273.38,1805982,$275.29,$276.8025,$272.28
05/28/2019,$278.25,2475891,$276.49,$281.45,$275.37
05/24/2019,$274.77,1878339,$273.54,$277.475,$273.54
05/23/2019,$274.25,2706419,$278.29,$278.43,$271.69
05/22/2019,$281.82,1570628,$277.42,$282.74,$277.255
05/21/2019,$278.07,1793665,$278.21,$280,$277.045
05/20/2019,$275.45,2391950,$276.1,$277.89,$273.4
05/17/2019,$279.85,2223523,$281.68,$284.412,$279.069
05/16/2019,$283.55,3413063,$278.63,$285.87,$278.4
05/15/2019,$276.82,2708559,$269.82,$276.95,$269.5
05/14/2019,$271.86,2046551,$269.43,$274.23,$269.29
05/13/2019,$267.7,2698322,$270.565,$274.19,$267.22
05/10/2019,$278.48,2097736,$273.58,$279.5,$270.32
05/09/2019,$275.79,1867193,$274.16,$277.12,$270.7975
05/08/2019,$276.77,2611043,$275.83,$278.37,$274.16
05/07/2019,$277.07,2567977,$278.82,$280.65,$273.67
05/06/2019,$283.66,1994477,$277.6,$284.2165,$275.81
05/03/2019,$285.58,1979920,$282.56,$286.35,$282.39
05/02/2019,$279.64,2482283,$283.14,$284.59,$278.15
05/01/2019,$283.35,2056176,$291,$291,$283.19
04/30/2019,$289.25,3066916,$286.1,$289.77,$285.25
04/29/2019,$286.14,5533815,$286.46,$291.705,$285.38
04/26/2019,$281.96,2114018,$278.18,$282,$275.79
04/25/2019,$277.66,1747079,$278.4,$279.52,$274.3785
04/24/2019,$275.45,1853595,$279.22,$280.17,$275.25
04/23/2019,$278.49,2691428,$272.54,$278.89,$271.59
04/22/2019,$272.21,1364700,$269.82,$272.32,$269.2033
04/18/2019,$270.57,2027217,$270.09,$270.82,$266.64
04/17/2019,$269.45,2390438,$272.17,$272.665,$268.44
04/16/2019,$271.43,1638319,$273.07,$273.39,$269.64
04/15/2019,$272.22,1462231,$271.86,$273.71,$270.62
04/12/2019,$271.86,1680946,$273.01,$273.51,$270.82
04/11/2019,$271.9,2085592,$271.95,$272.92,$270.77
04/10/2019,$271.58,1469592,$269.47,$272.16,$269.01
04/09/2019,$268.99,1546905,$267.12,$269.99,$266.8
04/08/2019,$268.81,1796681,$266.96,$269.09,$264.7
04/05/2019,$267.45,1970205,$269.44,$269.94,$266.59
04/04/2019,$267.89,2929433,$270.98,$271.47,$263.72
04/03/2019,$271.5,2283554,$273.71,$274.18,$270.975
04/02/2019,$271.35,1877762,$272.89,$273,$267.63
04/01/2019,$272.17,2919523,$269.85,$272.385,$268.19
03/29/2019,$266.49,2096442,$265.47,$266.75,$264.2
03/28/2019,$263.53,2017656,$263.5,$265.1699,$260.88
03/27/2019,$262.34,2521421,$265.53,$265.9731,$259.04
03/26/2019,$265.59,3149922,$265.05,$267.74,$263.84
03/25/2019,$262.27,2639060,$259.21,$263.12,$257.1
03/22/2019,$259.69,3447443,$263.47,$264.64,$259.52
03/21/2019,$264.18,2357183,$259,$264.34,$258.4
03/20/2019,$259.74,3389345,$260.54,$262.3,$256.17
03/19/2019,$260.42,4238002,$259.43,$260.64,$256.34
03/18/2019,$257.76,4011725,$257.11,$259.96,$253.8901
03/15/2019,$257.09,12108480,$258.03,$260,$252.03
03/14/2019,$267.69,5072598,$265.26,$268,$263.52
03/13/2019,$264.38,3989333,$265.5,$269.8,$264.13
03/12/2019,$263.51,2583315,$261.86,$264.75,$259.01
03/11/2019,$260.96,2555710,$255.98,$261.46,$255.77
03/08/2019,$254.74,2194190,$251.49,$255.02,$249.0954
03/07/2019,$255.46,3144788,$255.77,$257.49,$253.2855
03/06/2019,$256.4,1949650,$257.4,$259.49,$253.84
03/05/2019,$257.38,2089254,$259,$259.865,$256.365
03/04/2019,$258.16,2986284,$266.7,$267,$254.08
03/01/2019,$264.01,2582446,$265.75,$266.24,$261.5
02/28/2019,$262.5,3799242,$262.4,$266.24,$261.76
02/27/2019,$262.9,2244333,$259.77,$263.08,$256.52
02/26/2019,$261.22,2536367,$258,$262.58,$256.3734
02/25/2019,$258.62,1808267,$261.5,$262.98,$258.18
02/22/2019,$258.9,2005988,$257.61,$260.24,$257.61
02/21/2019,$257.76,2593685,$257.3,$259.3491,$255.12
02/20/2019,$258.1,2452118,$258.13,$260.99,$255.9164
02/19/2019,$257.81,3459859,$258.98,$260.06,$256.45
02/15/2019,$259.45,2998923,$260.34,$260.97,$258.0725
02/14/2019,$260.14,1735869,$259.4,$261.71,$258.01
02/13/2019,$260.23,1897161,$263.13,$263.3645,$259.37
02/12/2019,$261.37,2516342,$260.15,$262.2509,$258.67
02/11/2019,$258.39,3504480,$258.89,$259.9,$256.19
02/08/2019,$257,2688869,$251.39,$257.05,$250.64
02/07/2019,$253.74,2098217,$251.33,$254.31,$250.28
02/06/2019,$254.35,2462790,$255.06,$255.93,$250.71
02/05/2019,$254.82,3022245,$256.74,$258.56,$254.01
02/04/2019,$254.74,3699143,$248.56,$256.99,$248.06
02/01/2019,$247.38,2911604,$247.82,$251.035,$246.1
01/31/2019,$247.82,4920084,$243,$249,$243
01/30/2019,$242.67,2462499,$240.16,$243,$238.87
01/29/2019,$238.27,1934368,$241.81,$242.8653,$237.27
01/28/2019,$241.85,2097035,$241,$243.22,$239.35
01/25/2019,$244.95,3821205,$244.99,$247.1,$243.43
01/24/2019,$242.56,3388177,$245.62,$245.98,$241.18
01/23/2019,$245.14,2005299,$244.91,$248.16,$240.5963
01/22/2019,$243.85,4077431,$245.13,$245.6083,$241.19
01/18/2019,$247.51,3705712,$247.45,$250.68,$244.45
01/17/2019,$244.4,2827165,$240.13,$245.04,$238.7801
01/16/2019,$241.95,2878101,$243.6,$244,$239.68
01/15/2019,$242.36,3526260,$237.9,$243.93,$237.2552
01/14/2019,$234.56,2553333,$235.33,$236.255,$231.9587
01/11/2019,$237.55,3178297,$235.71,$239.32,$235.23
01/10/2019,$237.77,2704041,$233.77,$238.04,$231.71
01/09/2019,$235.43,3593515,$234.01,$238.59,$232
01/08/2019,$232.68,3666281,$232.65,$233.77,$228.3298
01/07/2019,$229.26,3635797,$229.95,$232.6,$227.29
01/04/2019,$226.19,4040882,$219.84,$227.65,$217.48
01/03/2019,$215.7,3561264,$220.88,$223.63,$215.15
01/02/2019,$224.57,2776710,$219.91,$226.17,$219
12/31/2018,$226.24,2864787,$225.56,$227.33,$223.235
12/28/2018,$223.13,3159377,$227.58,$228.11,$220.87
12/27/2018,$225.14,3737396,$219.99,$225.17,$214.16
12/26/2018,$222.95,5890305,$206.53,$222.96,$206.25
12/24/2018,$205.16,2940454,$206.9,$212.58,$204.95
12/21/2018,$208.8,8595366,$219.55,$222.26,$207.37
12/20/2018,$218.65,6077922,$223,$224.85,$212.83
12/19/2018,$224.65,6106460,$225.92,$231.02,$221.11
12/18/2018,$226.18,5254382,$222.53,$228.13,$221.55
12/17/2018,$221.38,6953743,$226.93,$230.63,$220.48
12/14/2018,$230,12183820,$240.76,$240.92,$229.91
12/13/2018,$248.08,5300276,$248.15,$251.6,$245.2
12/12/2018,$245.55,4064416,$249.99,$251.56,$245.04
12/11/2018,$245.34,3168230,$251.43,$251.75,$242.7845
12/10/2018,$244.09,3174744,$237.46,$245.395,$237.0101
12/07/2018,$238,3906283,$248.39,$249.26,$237.65
12/06/2018,$250.63,3922516,$240,$250.68,$237.96
12/04/2018,$245.82,4024037,$253.22,$254.71,$244.98
12/03/2018,$255.26,4279352,$260.71,$260.72,$251.8172
11/30/2018,$250.89,5152441,$250.23,$251.57,$247.09
11/29/2018,$249.09,3649540,$246.36,$252.25,$244.31
11/28/2018,$249.21,6345165,$237.9,$250.41,$237.74
11/27/2018,$232.25,2875774,$230.77,$232.78,$228.68
11/26/2018,$231.96,3568366,$229.19,$233.3,$227.91
11/23/2018,$225.56,1691015,$222.71,$227.74,$222.51
11/21/2018,$225.98,4846354,$225.33,$228.99,$222.24
11/20/2018,$219.73,6177056,$209.41,$222.84,$207.02
11/19/2018,$219.69,7563739,$237.5,$238.65,$218.72
11/16/2018,$238.89,2888654,$239.52,$240.14,$235.37
11/15/2018,$239.95,3374695,$233.98,$241.43,$231.33
11/14/2018,$235.22,3245850,$242.16,$242.91,$231.9101
11/13/2018,$238.74,3997175,$238.38,$243,$235.8501
11/12/2018,$236.67,3474744,$244.14,$244.8,$235.36
11/09/2018,$244.84,2763403,$247.56,$248.29,$241.16
11/08/2018,$249.96,2377200,$253.31,$254.13,$247.74
11/07/2018,$253.43,3789181,$244.8,$253.961,$243.81
11/06/2018,$240.56,2413984,$240.48,$244.64,$237.76
11/05/2018,$239.89,3194004,$240,$241,$233.62
11/02/2018,$239.64,4294936,$246.57,$247.47,$237.8
11/01/2018,$245.28,3178528,$245.69,$247.55,$241.49
10/31/2018,$245.76,4422315,$245.41,$249.6,$243.6662
10/30/2018,$238.41,5621923,$238.99,$242.5,$231.7
10/29/2018,$239.75,4650555,$250.67,$254.53,$233.395
10/26/2018,$245.8,4503521,$243.85,$252.18,$241.405
10/25/2018,$252.92,5277080,$242.17,$253.59,$241.66
10/24/2018,$238.44,4850012,$250.61,$254.5991,$238.23
10/23/2018,$251.76,4983077,$246.19,$254.91,$242.56
10/22/2018,$251.06,3397893,$246,$251.635,$242.8029
10/19/2018,$245.03,4064390,$252.73,$252.89,$243.64
10/18/2018,$250.35,5315098,$256.19,$257.21,$246.01
10/17/2018,$258.91,4242832,$261.21,$261.89,$255.26
10/16/2018,$260.67,8490084,$252.5,$261.73,$251.77
10/15/2018,$238.01,5054922,$248.34,$248.37,$238
10/12/2018,$248.87,4772822,$247.74,$249.91,$242.7827
10/11/2018,$238.59,7018210,$236.41,$245.72,$234.72
10/10/2018,$237.91,5288967,$252.52,$253.38,$237.86
10/09/2018,$254.16,2597111,$254.16,$258.72,$251.71
10/08/2018,$254.69,5073357,$261.84,$263.4564,$248.6852
10/05/2018,$263.22,3097969,$263.96,$266.1,$258.31
10/04/2018,$263.71,3779433,$269.5,$271.07,$260.5364
10/03/2018,$270.51,2594769,$273.25,$274.17,$269.76
10/02/2018,$272,3130071,$274.71,$277.03,$271.85
10/01/2018,$275.49,3552962,$271.76,$276.63,$271.46
09/28/2018,$269.95,2753333,$269.75,$272.26,$268.44
09/27/2018,$269.91,1710551,$270,$272.42,$269.25
09/26/2018,$268.47,1929158,$268.56,$270.68,$266.66
09/25/2018,$267.84,2257659,$264.6,$268.43,$264.2009
09/24/2018,$264.09,2600296,$260,$264.46,$257.07
09/21/2018,$260.88,6140275,$266.15,$267.5,$260.24
09/20/2018,$266.34,2550923,$266.47,$269.54,$264.1892
09/19/2018,$264.88,2800658,$271.14,$271.95,$263.6139
09/18/2018,$270.79,2683481,$267.61,$273.78,$266.6033
09/17/2018,$268.25,3058137,$275,$275.78,$267.68
09/14/2018,$274.69,6161126,$269,$277.61,$268
09/13/2018,$268.52,4654434,$267.13,$270,$265.01
09/12/2018,$267.79,3360269,$267.83,$270.94,$266.448
09/11/2018,$267,2865916,$265.3,$268.6,$263.31
09/10/2018,$265.37,2536100,$264.27,$265.93,$260.79
09/07/2018,$260.87,2729499,$258,$263.67,$257.12
09/06/2018,$259.75,2808856,$256.95,$260.27,$255.14
09/05/2018,$256.14,4201266,$265.61,$266.1597,$254.54
09/04/2018,$266.68,2115329,$263.67,$266.93,$262.3
08/31/2018,$263.51,2932835,$265.55,$266.8331,$263.2
08/30/2018,$266.43,2403516,$266.72,$269.05,$265.5
08/29/2018,$268.36,3139887,$263,$269.96,$262.56
08/28/2018,$263.04,1843121,$263.7,$263.7,$261.03
08/27/2018,$262.4,2428816,$263,$263.7,$259.39
08/24/2018,$261.51,3847880,$258.33,$263.39,$258.33
08/23/2018,$257,2956002,$254.62,$258.329,$254.47
08/22/2018,$255.54,1889436,$250.59,$256.16,$250.36
08/21/2018,$251.5,2147874,$250.45,$253.33,$250.36
08/20/2018,$249.76,2898181,$246.08,$250.37,$246
08/17/2018,$245.7,2721937,$248.39,$249.22,$243.71
08/16/2018,$248.89,2385256,$252.79,$253.3,$248.1
08/15/2018,$250.52,2728123,$253.8,$255.83,$248.02
08/14/2018,$256.05,2096200,$254.38,$256.25,$252.09
08/13/2018,$253.54,1532696,$254.16,$256.6,$253.3
08/10/2018,$253.7,1777373,$252,$254.97,$251.5
08/09/2018,$253.8,2089747,$254.55,$255.75,$253.39
08/08/2018,$253.83,1585135,$252.95,$254.57,$251.63
08/07/2018,$253.39,1858227,$254.5,$255.16,$252.45
08/06/2018,$254.11,1534762,$252.74,$254.8799,$251.54
08/03/2018,$253.28,2094007,$252.575,$254.39,$249.48
08/02/2018,$252.22,2381393,$245.697,$252.57,$245
08/01/2018,$248.01,3184951,$245,$248.76,$244.24
07/31/2018,$244.68,2935185,$244.93,$246.7999,$241.16
07/30/2018,$242.32,5483705,$254.42,$254.76,$240.1
07/27/2018,$254.81,3012945,$262.05,$262.8646,$253.05
07/26/2018,$261.93,2265294,$261.92,$263.83,$258.4916
07/25/2018,$263.17,2263658,$258.35,$263.5,$257.83
07/24/2018,$257.49,2410072,$261.04,$262.7275,$255.932
07/23/2018,$259.47,1807571,$257.66,$260.14,$256.38
07/20/2018,$257.54,2221305,$258.17,$259.45,$256.74
07/19/2018,$257.68,1916004,$258,$259.6,$256.36
07/18/2018,$259.78,2600360,$257.86,$260.94,$256.54
07/17/2018,$258.31,2550732,$252.68,$258.68,$250.71
07/16/2018,$254.68,2160110,$258.63,$259.04,$253.83
07/13/2018,$258.59,3934056,$254.64,$259.51,$253.4901
07/12/2018,$254.87,2759465,$249.94,$255.05,$249.38
07/11/2018,$248.12,1722097,$246.65,$249.74,$245.85
07/10/2018,$248.63,2005443,$250.47,$250.8464,$248.21
07/09/2018,$249.77,2157605,$249.9,$250.66,$246.37
07/06/2018,$248.19,1860835,$244.48,$248.72,$243.22
07/05/2018,$244.18,1826290,$243.04,$244.62,$242.14
07/03/2018,$242.01,1307705,$244.72,$245.94,$241.67
07/02/2018,$243.26,4084997,$241.05,$243.33,$239.6
06/29/2018,$243.81,3699761,$241.88,$245.49,$241.5
06/28/2018,$239.81,2217207,$236.59,$241.8186,$236.4385
06/27/2018,$237.68,3338013,$243.46,$244.9797,$237.51
06/26/2018,$242.25,2940024,$240.67,$244.23,$239.66
06/25/2018,$239.68,4566376,$240.15,$241.96,$235.87
06/22/2018,$243.63,4121953,$248.11,$248.7999,$243.26
06/21/2018,$248.83,2558651,$252,$252.719,$247.57
06/20/2018,$251.24,2576136,$253.5,$254.8,$250.98
06/19/2018,$251.74,3528097,$251.83,$253.65,$247.9
06/18/2018,$255.69,3761738,$250.52,$256.77,$249.8
06/15/2018,$251.82,8976315,$251.28,$253.87,$247.52
06/14/2018,$258.1,5386334,$257.15,$258.9102,$256.58
06/13/2018,$256.13,3504798,$253.7,$257.9,$253.65
06/12/2018,$252.59,3479122,$252.65,$254.8,$251.13
06/11/2018,$251,2868125,$251.76,$253.48,$250.125
06/08/2018,$251.21,2842153,$246.86,$251.66,$245.83
06/07/2018,$247.51,4166561,$253.24,$254.05,$244.03
06/06/2018,$253.95,3963113,$253.75,$254.07,$251.5
06/05/2018,$252.7,2676407,$254,$254.06,$251.11
06/04/2018,$253.34,3055555,$252.85,$254.72,$251.1
06/01/2018,$251.31,2771032,$250.55,$251.83,$248.8486
05/31/2018,$249.28,3828753,$247.11,$251.52,$246.58
05/30/2018,$247.4,2302203,$244.4,$248.56,$244.39
05/29/2018,$242.19,2073011,$242.99,$243.385,$240.38
05/25/2018,$243.56,2099571,$245,$245.79,$242.87
05/24/2018,$245.15,2770252,$243.79,$245.9,$240.7218
05/23/2018,$243.91,2749122,$236.32,$244.09,$236
05/22/2018,$238.79,2950062,$241.15,$243.49,$237.76
05/21/2018,$238.1,1755747,$239.85,$240.78,$237.11
05/18/2018,$238.09,1886247,$236.24,$239.28,$235.2581
05/17/2018,$236.85,1675143,$237.32,$239.665,$234.8288
05/16/2018,$237.39,1842721,$236.59,$238.12,$235.8396
05/15/2018,$236.6,2130329,$235.64,$237.345,$233
05/14/2018,$238.37,2670539,$242,$243.34,$237.24
05/11/2018,$241.88,2261516,$241.03,$241.93,$238.7901
05/10/2018,$241.15,1936007,$240.46,$241.76,$238.24
05/09/2018,$239.74,3088153,$235,$240.15,$233.525
05/08/2018,$234.56,2189857,$229.74,$234.9971,$228.75
05/07/2018,$230.99,1808153,$229.54,$232.36,$229.02
05/04/2018,$228.51,1663242,$223.89,$229.39,$223.39
05/03/2018,$226.05,2494576,$220.01,$227.37,$218.7396
05/02/2018,$221.1,2088409,$224.3,$224.5,$220.55
05/01/2018,$224.08,1792486,$220.77,$224.49,$219.38
04/30/2018,$221.6,1763320,$223.27,$224.14,$219.538
04/27/2018,$221.9,1502529,$223.08,$224.18,$219.68
04/26/2018,$221.91,2228510,$219.77,$223.19,$218.851
04/25/2018,$217.32,2793805,$218.16,$219.4,$213.25
04/24/2018,$217.89,3446325,$227,$228.3,$215.778
04/23/2018,$225.3,2137329,$226.39,$229.15,$224.75
04/20/2018,$225.24,2388260,$227,$227.6,$223.05
04/19/2018,$227.62,2601308,$230.11,$230.43,$226.28
04/18/2018,$231.1,2246814,$231.7,$233.1713,$228.62
04/17/2018,$231.16,2873075,$228.56,$232.21,$228.07
04/16/2018,$226.52,2130328,$226.08,$227.23,$222.9535
04/13/2018,$224.06,1987053,$228.85,$228.95,$222.55
04/12/2018,$226.96,2080216,$225.72,$228.39,$225.115
04/11/2018,$223.63,1850727,$222.93,$226.62,$222.54
04/10/2018,$224.53,2823259,$222.61,$225.16,$221.181
04/09/2018,$219.17,2527259,$220.08,$224.437,$218.82
04/06/2018,$218.61,2962319,$221.89,$224.46,$216.7471
04/05/2018,$223.54,3988603,$227.94,$228.8,$221.605
04/04/2018,$225.05,4469790,$210.71,$226.28,$210.5
04/03/2018,$215.93,3016875,$214.78,$217.8549,$212.28
04/02/2018,$212.28,3473220,$214.81,$216.5,$207.22
03/29/2018,$216.08,3755655,$213.35,$219.59,$210.2737
03/28/2018,$212.54,4501108,$213.72,$217.15,$209.04
03/27/2018,$213.8,5316595,$229.9,$230.98,$212.25
03/26/2018,$228.91,4465200,$218.83,$229.15,$218.5
03/23/2018,$215.02,4272821,$219.52,$222.455,$214.78
03/22/2018,$220.52,2967916,$223.86,$225.87,$220.255
03/21/2018,$226.85,3962597,$228.76,$229.25,$225.61
03/20/2018,$229.75,5015159,$223.19,$231.34,$223
03/19/2018,$222.18,4013464,$224.48,$226.59,$218.68
03/16/2018,$225.55,8706957,$227.18,$228.88,$224
03/15/2018,$218.87,4420188,$220,$221.47,$218.061
03/14/2018,$218.44,3352369,$220.75,$221.46,$217.6
03/13/2018,$219.76,4726086,$223,$224.9,$218.43
03/12/2018,$220.94,3172266,$222.97,$223.11,$220.34
03/09/2018,$221.11,2639215,$218,$221.27,$217.19
03/08/2018,$216.4,2357005,$218.03,$219.71,$214.86
03/07/2018,$216.86,2769064,$211.33,$217.44,$211.0033
03/06/2018,$212.01,2122396,$212.44,$212.74,$209.88
03/05/2018,$211.16,2058898,$208.75,$212,$206.92
03/02/2018,$209.79,2607880,$203.96,$210.21,$201.76
03/01/2018,$206.03,2624135,$210.32,$210.6834,$204.45
02/28/2018,$209.13,2324764,$210.69,$213.44,$209.1
02/27/2018,$208.82,2329499,$211.99,$212.76,$208.25
02/26/2018,$212.15,2418628,$211.29,$212.35,$209.261
02/23/2018,$209.74,2340341,$204.22,$209.78,$203.31
02/22/2018,$202.61,1541219,$203.07,$204.22,$201.68
02/21/2018,$202.09,2037977,$204.45,$206.83,$202.02
02/20/2018,$202.98,2669910,$200.46,$205.115,$199.18
02/16/2018,$201.56,2172415,$202.52,$203.9,$200.74
02/15/2018,$202.97,2218265,$198.97,$203.28,$197.13
02/14/2018,$197.13,2531146,$192.48,$197.5,$191.95
02/13/2018,$193.48,1956810,$190.85,$194.31,$190.39
02/12/2018,$192.15,2824292,$189,$192.99,$188.56
02/09/2018,$187.99,3816253,$187.33,$189.71,$179.34
02/08/2018,$185.16,3851697,$192.84,$192.97,$185.02
02/07/2018,$192.34,2941604,$193.87,$196.24,$192.02
02/06/2018,$194.47,4471168,$186.59,$194.82,$182.1
02/05/2018,$190.27,3757759,$194.06,$198.46,$188
02/02/2018,$195.64,2560556,$197.33,$199.4,$195.44
02/01/2018,$199.38,2363747,$199.12,$201.75,$198.0845
01/31/2018,$199.76,2638250,$197.13,$200.96,$196.75
01/30/2018,$196.9,3330072,$197.25,$197.73,$194.89
01/29/2018,$198.23,1926615,$200.11,$200.86,$197.87
01/26/2018,$201.3,2326550,$198.5,$201.55,$198.25
01/25/2018,$197.51,2566196,$198.08,$199.244,$196.07
01/24/2018,$197.78,3242755,$201.82,$202.3,$196.52
01/23/2018,$200.09,3943667,$202.29,$204.45,$199.44
01/22/2018,$197.84,1695170,$195.7,$198,$194.424
01/19/2018,$195.73,2339163,$196.24,$196.63,$194.65
01/18/2018,$196.2,2536370,$196.21,$196.586,$194.06
01/17/2018,$196.49,2969251,$194.015,$197.12,$192.77
01/16/2018,$192.46,4593152,$195.92,$198.21,$191.71
01/12/2018,$195.05,4245427,$189.09,$195.5,$188.99
01/11/2018,$188.92,1585296,$187.29,$188.94,$186.185
01/10/2018,$187.11,1664285,$185.21,$187.27,$185.073
01/09/2018,$186.7,1804413,$185.57,$186.97,$183.9314
01/08/2018,$185.04,2087795,$184.95,$185.599,$183.83
01/05/2018,$185.34,2372772,$185,$185.9,$183.54
01/04/2018,$183.22,2211111,$181.93,$184.0599,$181.64
01/03/2018,$181.04,2560840,$178,$181.89,$177.7
01/02/2018,$177.7,2389633,$175.85,$177.8,$175.26
12/29/2017,$175.24,1810148,$175.19,$176.97,$175.1
12/28/2017,$175.55,1005477,$175.92,$176,$174.85
12/27/2017,$175.36,1527416,$174.65,$175.44,$173.97
12/26/2017,$174.44,917255,$174.36,$175,$173.03
12/22/2017,$175,1702626,$173.99,$175.1,$173.75
12/21/2017,$174.56,2164300,$174.05,$175.32,$174
12/20/2017,$174.25,2677169,$176,$176,$172.92
12/19/2017,$174.97,2458638,$176.01,$176.76,$174.23
12/18/2017,$176.74,3410048,$178.42,$179.15,$175.31
12/15/2017,$177.51,9150989,$179.36,$179.98,$174.3004
12/14/2017,$175,4679185,$178.26,$178.72,$174.98
12/13/2017,$176.83,4529120,$173.5,$177.42,$173.29
12/12/2017,$172.54,3864653,$172.69,$174.13,$170.43
12/11/2017,$174.31,2774769,$173.77,$174.98,$173.2
12/08/2017,$173.57,2061722,$177.08,$177.2,$173.17
12/07/2017,$174.61,2440632,$173.46,$175.9,$172.13
12/06/2017,$173.52,3755992,$166.79,$173.96,$165.75
12/05/2017,$167.54,4697171,$167.69,$171.78,$165.68
12/04/2017,$168.44,5929968,$180.34,$180.62,$168.43
12/01/2017,$179.52,3016519,$179.51,$182,$177.13
11/30/2017,$181.47,3973079,$178.14,$181.67,$176.5501
11/29/2017,$176.85,4307985,$183.87,$184.73,$175.31
11/28/2017,$185.4,1645147,$185.62,$186.27,$184.37
11/27/2017,$185,1280934,$184.83,$185.84,$184.09
11/24/2017,$184.46,662988,$182.96,$184.71,$182.96
11/22/2017,$182.9,1546477,$184.32,$184.5,$182.62
11/21/2017,$184.15,2015654,$183.75,$185.55,$182.835
11/20/2017,$182.34,1116970,$182.8,$183.43,$181.34
11/17/2017,$182.24,1481853,$182.08,$182.9105,$181.135
11/16/2017,$182.3,1908136,$181.18,$182.44,$180.58
11/15/2017,$180.08,1979992,$180.92,$181.7275,$179.6043
11/14/2017,$181.32,1545949,$181.98,$182.17,$180.31
11/13/2017,$181.85,1496079,$180.5,$182.32,$179.75
11/10/2017,$181.72,2082624,$181,$182.06,$179.83
11/09/2017,$181.92,2703644,$182.88,$183.079,$179.03
11/08/2017,$184.06,1791285,$181.19,$184.44,$181.06
11/07/2017,$180.88,2538924,$181.23,$181.78,$180.11
11/06/2017,$180.8,2022364,$182.01,$182.29,$180.54
11/03/2017,$182.3,2244692,$181.76,$182.74,$179.64
11/02/2017,$180.94,3257184,$178.02,$181.48,$175.8
11/01/2017,$176.25,1999853,$176.59,$176.94,$174.7
10/31/2017,$175.16,2593961,$176.16,$176.73,$174.52
10/30/2017,$176.03,2124215,$177,$177.48,$174.45
10/27/2017,$177.33,2807062,$174.02,$177.58,$174.02
10/26/2017,$173.75,2579525,$172.06,$175.02,$172.02
10/25/2017,$171.83,2785455,$170.37,$173.41,$170.035
10/24/2017,$171.58,2649026,$171.47,$172.49,$170.491
10/23/2017,$172.16,3220493,$175.68,$175.85,$171.83
10/20/2017,$175.64,6018657,$171.5,$175.87,$171.355
10/19/2017,$171.73,13390000,$165.5,$172.15,$164.42
10/18/2017,$153,4158413,$150.33,$153.43,$149.03
10/17/2017,$150.38,3547316,$150.52,$150.93,$148.15
10/16/2017,$150.46,3831317,$151.15,$153.07,$149.2811
10/13/2017,$153.93,2514995,$153.96,$154.59,$153.06
10/12/2017,$153.61,2455990,$153.72,$154.85,$153.39
10/11/2017,$153.65,2784147,$152.09,$154,$151.35
10/10/2017,$152.15,2817578,$152,$152.86,$151.32
10/09/2017,$151.5,1461004,$150.76,$151.57,$150.25
10/06/2017,$151.12,2282780,$149.96,$151.36,$149.5301
10/05/2017,$150.25,2413602,$148.49,$150.45,$147.71
10/04/2017,$147.95,2862574,$148.21,$148.46,$146.6
10/03/2017,$148.6,1808050,$148.48,$148.8,$147.985
10/02/2017,$147.94,2332318,$149.79,$150.48,$147.52
09/29/2017,$149.18,2155695,$146.69,$149.28,$146.6
09/28/2017,$146.83,1657138,$146.14,$147.32,$145.3914
09/27/2017,$146.43,2947299,$146.31,$147.09,$145.7535
09/26/2017,$145.4,3253100,$145.5,$146.35,$143.96
09/25/2017,$144.57,4868860,$148.39,$148.71,$143.95
09/22/2017,$148.5,2927818,$148.69,$149.5,$147.85
09/21/2017,$149.3,4874864,$150.38,$151.25,$148.3
09/20/2017,$149.96,9181598,$151.99,$152.4,$149
09/19/2017,$156.6,3939462,$156.3,$157.05,$155.81
09/18/2017,$155.77,2481302,$155.01,$156.3,$154.37
09/15/2017,$154.49,2976063,$154.9,$155.19,$153.56
09/14/2017,$154.95,1675449,$155.37,$156.2,$154.68
09/13/2017,$156.24,1361485,$155.88,$156.7,$155.39
09/12/2017,$156.31,1763410,$156.76,$157.2152,$154.92
09/11/2017,$156.87,1711359,$156.59,$157.89,$156.38
09/08/2017,$155.34,1444623,$155.24,$155.88,$154.29
09/07/2017,$155.47,1445241,$154.49,$155.885,$153.64
09/06/2017,$153.76,1218488,$155.11,$155.555,$153.61
09/05/2017,$154.28,1355532,$154.83,$155.41,$153.31
09/01/2017,$155.06,1321340,$155.76,$156.06,$154.38
08/31/2017,$155.16,1888726,$154.36,$155.36,$154.35
08/30/2017,$153.67,1465862,$152.05,$154.26,$151.89
08/29/2017,$152.14,1189020,$150.55,$152.76,$150.01
08/28/2017,$151.79,952268,$151.87,$152.5,$151.19
08/25/2017,$151.45,1182282,$152,$153,$150.91
08/24/2017,$150.81,1449167,$151.22,$151.83,$149.17
08/23/2017,$151.1,1352927,$152.18,$152.18,$150.75
08/22/2017,$152.25,1981080,$150.14,$152.59,$150.14
08/21/2017,$149.26,1243422,$148.05,$149.33,$147.57
08/18/2017,$147.97,1699238,$147.74,$148.6862,$147.12
08/17/2017,$148.23,2085227,$151.66,$151.72,$148.19
08/16/2017,$151.8,1454988,$150.7,$151.99,$149.76
08/15/2017,$150.36,1144008,$149.56,$150.65,$148.41
08/14/2017,$149.16,1171641,$147.81,$149.5,$147.56
08/11/2017,$146.47,1382877,$145.25,$147.1,$144.18
08/10/2017,$144.92,1899120,$147.23,$147.74,$144.72
08/09/2017,$148.35,1174669,$146.68,$148.4986,$146.5
08/08/2017,$147.81,1507057,$148.14,$148.86,$146.36
08/07/2017,$148.44,1455624,$147.74,$148.9,$147.54
08/04/2017,$147.71,1503479,$148.25,$148.62,$147.27
08/03/2017,$147.79,1461659,$147.47,$147.98,$145.68
08/02/2017,$147.13,2110729,$147.56,$147.6,$144.52
08/01/2017,$147.36,1568434,$147.48,$147.65,$146.52
07/31/2017,$146.49,2187991,$146.36,$146.91,$145.06
07/28/2017,$146.73,1399323,$145.77,$147.24,$144.5
07/27/2017,$146.2,3058057,$149.87,$150.37,$144.28
07/26/2017,$149.78,1309672,$148.62,$149.83,$148.42
07/25/2017,$148.21,1591503,$149.82,$149.9041,$148.14
07/24/2017,$149.53,1503264,$149.16,$149.95,$149.035
07/21/2017,$149.52,1819520,$149.16,$150.4,$148.9102
07/20/2017,$149.94,1562656,$149.07,$150.1,$148.35
07/19/2017,$148.92,1798166,$147.89,$149.32,$147.4998
07/18/2017,$147.89,1820795,$146.47,$147.96,$145.37
07/17/2017,$146.4,1310388,$146.16,$146.73,$145.39
07/14/2017,$146.16,2283740,$145.59,$146.48,$145.22
07/13/2017,$145.05,1308275,$145.91,$146.48,$144.935
07/12/2017,$145.91,1811856,$144,$146.19,$143.795
07/11/2017,$142.93,1623692,$142.99,$143.98,$142.1201
07/10/2017,$143.34,1569060,$142.21,$143.88,$141.57
07/07/2017,$142.22,1471962,$141.07,$143.36,$140.97
07/06/2017,$140.75,1802183,$139.73,$141.18,$138.88
07/05/2017,$141.21,2229424,$138.65,$141.97,$138.55
07/03/2017,$138.41,1785994,$141.73,$142.15,$138.31
06/30/2017,$141.44,2330954,$141.87,$142.81,$140.74
06/29/2017,$141.24,2652965,$143.06,$143.2,$139.65
06/28/2017,$143.81,2503328,$143.01,$144.08,$141.15
06/27/2017,$142.54,3015273,$144.33,$144.81,$142.537
06/26/2017,$144.96,2774448,$146.06,$146.89,$144.36
06/23/2017,$145.41,3418148,$143.75,$145.59,$143.06
06/22/2017,$143.69,3688023,$145.15,$145.772,$143.66
06/21/2017,$144.24,8243227,$145.08,$147.45,$142.75
06/20/2017,$140.91,5403996,$141.21,$142.3,$140.19
06/19/2017,$140.35,4336106,$138.79,$141.47,$138.635
06/16/2017,$137.84,4204194,$137.35,$138.35,$136.29
06/15/2017,$137.52,2800652,$136.63,$137.9,$134.45
06/14/2017,$138.25,2830555,$139.29,$140.848,$136.41
06/13/2017,$139.09,2870540,$138.79,$139.86,$138.09
06/12/2017,$137.25,6772295,$133.72,$138.64,$131.2001
06/09/2017,$138.05,4144951,$143.14,$143.585,$135.76
06/08/2017,$142.63,2782164,$143.96,$143.97,$141.74
06/07/2017,$143.62,1626662,$143.33,$143.77,$142.4501
06/06/2017,$143.03,2162493,$143.35,$144.17,$142.73
06/05/2017,$143.59,1847634,$144.14,$144.34,$143.51
06/02/2017,$143.48,2883408,$142.12,$143.57,$141.86
06/01/2017,$141.38,2396726,$141.64,$142.49,$140.93
05/31/2017,$141.86,2931729,$143.04,$143.19,$141.41
05/30/2017,$142.41,1541203,$141.8,$142.56,$141.501
05/26/2017,$141.89,1602762,$142.93,$143.1,$141.6744
05/25/2017,$142.85,1721678,$142.16,$143.48,$141.8
05/24/2017,$141.12,1695122,$140.18,$141.25,$139.81
05/23/2017,$139.52,2123587,$139.16,$139.95,$138.7
05/22/2017,$138.86,2513289,$137.38,$139.19,$136.58
05/19/2017,$136.43,3721655,$135.18,$136.61,$134.34
05/18/2017,$134.54,4158538,$132.77,$134.85,$130.82
05/17/2017,$134.33,3553572,$137.2,$137.32,$134.2401
05/16/2017,$138.03,2269616,$138.06,$138.39,$137.6
05/15/2017,$137.6,3203808,$137.13,$137.71,$136.83
05/12/2017,$136.84,1626604,$136.45,$137.38,$135.885
05/11/2017,$136.29,1343927,$135.98,$136.31,$135.395
05/10/2017,$136.15,1755377,$135.86,$136.745,$135.51
05/09/2017,$135.6,1689295,$135.33,$135.62,$134.9
05/08/2017,$135.12,1580561,$135.36,$135.385,$134.22
05/05/2017,$134.84,1845506,$135.19,$135.19,$134.19
05/04/2017,$134.61,1808799,$135.13,$135.35,$134.405
05/03/2017,$134.85,1974167,$134.99,$135.21,$134.38
05/02/2017,$135,2692285,$135.54,$135.7,$134.75
05/01/2017,$135.11,1809679,$134.3,$135.34,$133.71
04/28/2017,$133.74,1749243,$133.4,$133.92,$132.67
04/27/2017,$133.38,1657997,$133.13,$134.25,$132.76
04/26/2017,$132.79,1635574,$133.5,$133.8,$132.42
04/25/2017,$133.49,2501722,$133.44,$133.72,$132.88
04/24/2017,$132.89,1845335,$132.94,$133.1799,$132.17
04/21/2017,$131.52,1905834,$131.84,$131.97,$131.03
04/20/2017,$131.42,2004107,$130.7,$131.99,$130.28
04/19/2017,$130.22,2007422,$129.9,$130.98,$129.82
04/18/2017,$129.81,1499914,$129.74,$130.23,$129.48
04/17/2017,$129.99,1395412,$129.69,$130.36,$129.11
04/13/2017,$129.05,1814922,$129.63,$130.42,$129.05
04/12/2017,$129.38,2106257,$129.96,$129.96,$128.72
04/11/2017,$129.95,2328909,$129.91,$130.165,$128.21
04/10/2017,$130.16,2234701,$130.32,$130.38,$129.47
04/07/2017,$130.22,2287623,$130.15,$130.67,$129.52
04/06/2017,$130.15,1890783,$129.86,$130.22,$129.16
04/05/2017,$129.89,2808646,$130.58,$131.33,$129.375
04/04/2017,$130.04,2026519,$129.47,$130.372,$129.02
04/03/2017,$129.59,2336774,$129.585,$130.7499,$128.88
03/31/2017,$130.13,2086371,$129.57,$130.69,$129.4
03/30/2017,$129.61,2205184,$129.55,$130.28,$129.3
03/29/2017,$129.58,2272373,$128.4,$129.63,$128.2
03/28/2017,$128.69,2213163,$127.81,$129.28,$127.81
03/27/2017,$128.25,2424231,$127.48,$128.837,$126.36
03/24/2017,$127.7,3044006,$127.86,$129,$127.05
03/23/2017,$126.87,2197260,$126.2,$127.25,$126.01
03/22/2017,$126.21,3476427,$124.6,$126.94,$124.51
03/21/2017,$125.07,3105501,$126.64,$127.36,$124.96
03/20/2017,$126.31,3301554,$126.99,$128.09,$125.79
03/17/2017,$127.01,8745226,$128.45,$130.3,$126.94
03/16/2017,$122.35,3998727,$123.25,$123.6,$121.525
03/15/2017,$122.11,2394612,$122,$122.42,$120.9
03/14/2017,$121.44,1507510,$121.65,$121.99,$120.62
03/13/2017,$121.8,1787703,$121.11,$121.96,$120.89
03/10/2017,$121.09,2210973,$120.57,$121.37,$120.241
03/09/2017,$119.91,1984205,$119.82,$120.26,$119.11
03/08/2017,$119.6,2963007,$120.21,$120.66,$119.35
03/07/2017,$119.98,1872495,$120.06,$120.69,$119.69
03/06/2017,$120.15,1979700,$119.73,$120.48,$119.37
03/03/2017,$120.04,1361060,$119.83,$120.13,$119.48
03/02/2017,$119.9,1817031,$120.09,$120.12,$119.28
03/01/2017,$120.35,2356276,$119.24,$120.57,$118.38
02/28/2017,$118.34,2008016,$118.83,$118.84,$118.02
02/27/2017,$118.78,1550438,$119.02,$119.199,$118.07
02/24/2017,$119.31,1942492,$118.3,$119.32,$117.83
02/23/2017,$118.83,2381773,$120.1,$120.15,$118.03
02/22/2017,$119.47,1982017,$119.67,$119.89,$118.85
02/21/2017,$119.63,2032259,$119.73,$120.169,$119.31
02/17/2017,$119.67,2140804,$118.79,$119.72,$118.24
02/16/2017,$118.93,1649390,$118.84,$119.47,$118.47
02/15/2017,$118.73,1695276,$117.33,$119.09,$117.07
02/14/2017,$117.58,1556662,$117.65,$117.79,$116.67
02/13/2017,$117.65,1910324,$117.03,$117.94,$116.2
02/10/2017,$116.85,2524826,$116.51,$116.94,$115.03
02/09/2017,$116.44,1688862,$116.26,$116.9,$116.02
02/08/2017,$116.13,2591686,$115,$116.38,$114.451
02/07/2017,$114.96,1643354,$114.83,$115.19,$114.54
02/06/2017,$114.46,3067371,$114.68,$114.825,$113.2901
02/03/2017,$115.17,2507784,$113.55,$115.45,$113.42
02/02/2017,$113.16,1695724,$112.82,$113.58,$112.27
02/01/2017,$113.36,1859067,$113.31,$113.64,$112.6807
01/31/2017,$113.38,1713163,$113.22,$113.75,$112.695
01/30/2017,$113.82,2173059,$113.22,$113.87,$112.26
01/27/2017,$113.99,1696855,$113.07,$114.01,$112.75
01/26/2017,$112.88,2745698,$113.79,$114.44,$112.73
01/25/2017,$114.25,3919369,$113.77,$114.57,$113.29
01/24/2017,$113.72,3654574,$111.46,$114.17,$111.34
01/23/2017,$110.97,2574052,$110.71,$111.92,$110.3
01/20/2017,$110.71,3179186,$110.02,$110.81,$109.57
01/19/2017,$109.79,3090499,$108.63,$109.98,$108.04
01/18/2017,$108.79,2536922,$108.5,$109.17,$107.53
01/17/2017,$108,1697769,$107.79,$108.05,$107.06
01/13/2017,$108.53,1594154,$108.84,$108.9,$107.98
01/12/2017,$108.59,1617876,$107.99,$108.74,$107.16
01/11/2017,$108.99,1783253,$108.23,$109.05,$108
01/10/2017,$108.26,3080169,$108.57,$108.79,$107.61
01/09/2017,$108.57,2925318,$107.96,$108.79,$107.56
01/06/2017,$108.3,2625626,$105.98,$108.43,$105.25
01/05/2017,$105.91,2504075,$104.13,$106.02,$103.77
01/04/2017,$104.14,1711707,$103.74,$104.37,$103.495
01/03/2017,$103.48,2278299,$103.43,$104.03,$102.81
12/30/2016,$102.95,2095842,$104.07,$104.22,$102.47
12/29/2016,$103.68,1094980,$103.63,$104.3911,$103.41
12/28/2016,$103.77,1723480,$104.83,$105.16,$103.5
12/27/2016,$104.98,1047440,$105,$105.9,$104.86
12/23/2016,$105.02,1047549,$104.61,$105.42,$104.61
12/22/2016,$104.72,1717345,$105.12,$105.1455,$103.95
12/21/2016,$105.51,2507677,$105.74,$106.06,$104.48
12/20/2016,$105.77,2194354,$105.5,$105.88,$104.76
12/19/2016,$105.29,3565550,$103.57,$106.08,$103.41
12/16/2016,$103.55,8948871,$107.8,$107.8,$101.91
12/15/2016,$105.1,5597362,$106.33,$106.48,$104.6
12/14/2016,$105.81,3212877,$106.3,$106.79,$105.44
12/13/2016,$106.15,3360550,$105.74,$107.6,$105.62
12/12/2016,$105.16,2711562,$104.62,$105.24,$103.52
12/09/2016,$104.31,2616827,$104,$104.5,$103.42
12/08/2016,$103.5,1852118,$103.36,$104.07,$102.54
12/07/2016,$103.36,2728892,$100.89,$103.51,$100.89
12/06/2016,$101.55,2679863,$101.99,$101.99,$100.71
12/05/2016,$101.95,2319324,$100.46,$102.52,$100.16
12/02/2016,$99.73,3514357,$99.52,$100.145,$98
12/01/2016,$99.51,5118991,$102.82,$102.92,$98.87
11/30/2016,$102.81,3397206,$104.99,$105.46,$102.8
11/29/2016,$104.95,2353051,$104.27,$105.98,$104.26
11/28/2016,$104.5,1541150,$104.81,$105.15,$104.09
11/25/2016,$105.02,938191,$104.17,$105.03,$103.9
11/23/2016,$104.21,2144618,$105.41,$105.56,$103.98
11/22/2016,$105.21,1693963,$105.85,$106.3594,$105.04
11/21/2016,$105.65,1805856,$105.56,$106.141,$105.14
11/18/2016,$105.02,2357748,$106.19,$106.8,$104.72
11/17/2016,$105.81,2602088,$103.77,$105.93,$103.4801
11/16/2016,$104.08,2459250,$103.61,$104.4,$102.96
11/15/2016,$103.66,2561039,$103.14,$104.76,$102.55
11/14/2016,$102.42,3040481,$104.12,$104.49,$101.77
11/11/2016,$103.68,3833659,$103.62,$104.4699,$102.62
11/10/2016,$104.08,7300853,$108.08,$108.26,$101.66
11/09/2016,$107.86,3650448,$105.55,$108.05,$104.52
11/08/2016,$108.39,2453769,$108.68,$109.16,$107.93
11/07/2016,$108.66,2729871,$107.66,$108.97,$107.37
11/04/2016,$106.2,2587437,$105.85,$107.09,$105.6
11/03/2016,$107.17,3666932,$106.54,$108.16,$106.48
11/02/2016,$105.89,2126865,$106.85,$106.95,$105.57
11/01/2016,$106.87,1951510,$107.79,$107.97,$106.0406
10/31/2016,$107.51,1678350,$108.02,$108.29,$107.04
10/28/2016,$107.6,1931116,$107.08,$108.32,$107.05
10/27/2016,$107.07,2393110,$108.47,$108.66,$106.69
10/26/2016,$107.97,1623670,$108.74,$108.82,$107.59
10/25/2016,$109.03,1713140,$110.76,$110.7716,$108.95
10/24/2016,$110.81,2008943,$109.63,$111.09,$109.35
10/21/2016,$109.03,1838271,$108.51,$109.17,$107.63
10/20/2016,$109.03,1819693,$108.41,$109.38,$107.55
10/19/2016,$108.39,1282176,$108.81,$108.89,$108.15
10/18/2016,$108.42,1312435,$108.44,$108.82,$108.01
10/17/2016,$107.49,1136503,$108,$108.28,$107.39
10/14/2016,$107.84,1968343,$108.19,$109.1,$107.82
10/13/2016,$108.01,1556222,$107.13,$108.1269,$106.53
10/12/2016,$108.05,1463767,$108.42,$108.42,$106.82
10/11/2016,$107.37,1970947,$109,$109.2,$107.04
10/10/2016,$109.24,1581661,$109.15,$110.1289,$109.15
10/07/2016,$108.64,1411480,$109.07,$109.07,$107.6
10/06/2016,$108.56,1590770,$108.72,$109.2719,$108.14
10/05/2016,$108.8,1854957,$108.57,$109.33,$108.32
10/04/2016,$108.39,1394021,$108.52,$108.94,$107.85
10/03/2016,$108.45,1553774,$108.41,$108.96,$108.16
09/30/2016,$108.54,3487231,$108.15,$108.84,$107.44
09/29/2016,$107.8,2436870,$109.5,$109.57,$107.55
09/28/2016,$109.49,2740322,$109.48,$109.685,$108.82
09/27/2016,$109.7,3530954,$106.99,$109.7621,$106.74
09/26/2016,$107.26,2342601,$106.91,$107.57,$106.53
09/23/2016,$107.47,3087239,$107.21,$108,$106.7925
09/22/2016,$107.92,3955246,$107.46,$108.5,$107.01
09/21/2016,$107.78,8762946,$106.54,$108.22,$105.8
09/20/2016,$100.62,4020326,$100.16,$100.905,$99.72
09/19/2016,$99.68,3297103,$99.21,$100.21,$99.02
09/16/2016,$98.93,3700156,$99.26,$99.67,$98.32
09/15/2016,$99.62,3094979,$98.84,$100.039,$98.49
09/14/2016,$98.79,2028975,$98.95,$99.55,$98.49
09/13/2016,$98.77,3797564,$99.92,$99.92,$97.87
09/12/2016,$100.32,2882638,$99.18,$100.5,$99
09/09/2016,$99.38,3379281,$100.97,$101.28,$99.38
09/08/2016,$101.88,2110553,$102.77,$102.97,$101.62
09/07/2016,$103,1386851,$103.47,$103.51,$102.58
09/06/2016,$103.5,1585082,$103.33,$103.74,$103.09
09/02/2016,$103.57,1719281,$103.49,$104.16,$102.945
09/01/2016,$102.9,2006379,$102.23,$102.97,$101.81
08/31/2016,$102.31,1772804,$101.66,$102.6,$101.5101
08/30/2016,$102,1325120,$102.09,$102.39,$101.51
08/29/2016,$102.3,1161560,$101.85,$102.68,$101.4
08/26/2016,$102.06,1834580,$101.68,$102.75,$101.081
08/25/2016,$101.69,1174109,$101.15,$101.79,$100.9101
08/24/2016,$101.14,1425470,$101,$101.52,$100.69
08/23/2016,$101.14,1008472,$100.46,$101.28,$100.24
08/22/2016,$100.24,1000917,$100.32,$100.68,$99.92
08/19/2016,$100.32,1587902,$100.31,$100.605,$99.72
08/18/2016,$100.67,2027030,$99.6,$100.9299,$99.6
08/17/2016,$99.7,2123885,$100.65,$100.81,$99.4499
08/16/2016,$100.6,1649250,$100.52,$100.97,$99.91
08/15/2016,$100.93,1697642,$101.38,$101.63,$100.88
08/12/2016,$101.04,1713283,$100.98,$101.2,$100.06
08/11/2016,$101.67,2259357,$100.85,$101.93,$100.59
08/10/2016,$100.62,2667514,$99.13,$100.99,$99.09
08/09/2016,$98.87,1001694,$98.71,$99.22,$98.47
08/08/2016,$98.49,1107221,$98.86,$98.95,$98.3
08/05/2016,$99.04,1932246,$97.36,$99.0799,$97.15
08/04/2016,$97.09,1281791,$96.5,$97.275,$96.19
08/03/2016,$96.67,2071189,$96.06,$96.68,$95.65
08/02/2016,$96.05,2351851,$97.38,$97.63,$95.42
08/01/2016,$97.72,1474723,$97.75,$98.16,$97.22
07/29/2016,$97.86,1786571,$98.4,$98.55,$97.23
07/28/2016,$98.44,1665971,$97.92,$98.61,$97.57
07/27/2016,$97.93,2312850,$97.59,$98.41,$97.39
07/26/2016,$97.91,2196454,$97.81,$98.42,$97
07/25/2016,$97.32,1815063,$97.75,$97.75,$96.88
07/22/2016,$98.06,2101767,$96.71,$98.24,$96.09
07/21/2016,$96.34,2579487,$98.12,$98.425,$96.08
07/20/2016,$98.4,1553788,$98.16,$98.89,$97.85
07/19/2016,$97.79,1796969,$97.11,$98.17,$97.001
07/18/2016,$97.79,1544201,$97.74,$98.53,$97.58
07/15/2016,$97.83,1530407,$98.39,$98.4,$97.5
07/14/2016,$97.7,1402441,$98,$98.14,$97.46
07/13/2016,$97.34,2125797,$97.97,$98.38,$97.34
07/12/2016,$97.54,2054394,$97.25,$97.79,$96.7
07/11/2016,$97.14,1732026,$96.98,$97.55,$96.81
07/08/2016,$96.79,2023889,$95.93,$96.86,$95.34
07/07/2016,$95.14,1576236,$95.01,$95.51,$94.54
07/06/2016,$95.18,1490514,$94.53,$95.48,$94.0618
07/05/2016,$94.73,2314535,$94.55,$95.61,$94.15
07/01/2016,$95.32,3001885,$95.04,$97.14,$95
06/30/2016,$95.79,3544651,$94.48,$95.88,$94.13
06/29/2016,$94.39,2959881,$92.91,$94.62,$92.68
06/28/2016,$92.46,3318309,$91.37,$92.65,$91.36
06/27/2016,$90.85,3929296,$91.36,$92.027,$90.35
06/24/2016,$92.2,4327073,$92.39,$94.35,$92.04
06/23/2016,$96.21,3801908,$94.73,$96.28,$94.31
06/22/2016,$94.01,10275310,$95.53,$96.5,$93.86
06/21/2016,$99.72,6443428,$98.64,$99.92,$98.13
06/20/2016,$97.99,4307314,$97.1,$98.75,$96.77
06/17/2016,$95.58,4539553,$97.25,$97.39,$95.36
06/16/2016,$97.19,1952449,$96.5,$97.3,$95.5436
06/15/2016,$97.02,2265369,$97.01,$97.83,$96.9
06/14/2016,$96.98,1889586,$96.53,$97.26,$96.32
06/13/2016,$96.96,2291495,$96.87,$98.085,$96.7
06/10/2016,$97.09,1863823,$96.89,$97.87,$96.75
06/09/2016,$98.07,1609430,$98.36,$98.7,$97.85
06/08/2016,$98.68,2078646,$98.45,$98.91,$97.99
06/07/2016,$98.52,2143880,$99.51,$99.67,$98.47
06/06/2016,$99.12,1395755,$99.16,$99.49,$98.47
06/03/2016,$98.7,2417034,$99.52,$99.52,$97.89
06/02/2016,$100.17,1761940,$99.98,$100.17,$99.17
06/01/2016,$100.04,1663046,$99.24,$100.4,$98.93
05/31/2016,$99.47,3480218,$100.14,$100.56,$99.35
05/27/2016,$100.14,1603811,$99.52,$100.14,$98.9
05/26/2016,$99.37,1970863,$99.81,$100.325,$99.07
05/25/2016,$99.61,1955350,$99.91,$99.99,$98.8001
05/24/2016,$99.63,3011836,$97.18,$99.7,$96.97
05/23/2016,$96.62,1095905,$96.71,$97.415,$96.4963
05/20/2016,$96.88,2218291,$96.1,$97.12,$95.86
05/19/2016,$95.88,1985399,$96.41,$96.945,$95.25
05/18/2016,$96.7,2010163,$95.78,$97.43,$95.5
05/17/2016,$95.93,3279639,$96.81,$97.35,$95.75
05/16/2016,$97.23,1918527,$95.91,$97.76,$95.91
05/13/2016,$95.97,2212217,$95.62,$97.2099,$95.37
05/12/2016,$95.96,1198133,$96.31,$96.975,$94.93
05/11/2016,$96.1,1569137,$96.26,$97.26,$96.04
05/10/2016,$96.52,1808374,$94.82,$96.59,$94.75
05/09/2016,$94.61,1406923,$94,$95.19,$93.87
05/06/2016,$94.3,1465007,$93.13,$94.4,$92.57
05/05/2016,$93.5,1894782,$93.1,$94.2165,$92.92
05/04/2016,$92.94,1710717,$93.18,$93.59,$92.55
05/03/2016,$93.66,1811400,$94.07,$94.3899,$93.09
05/02/2016,$94.9,2330575,$94.29,$94.99,$93.8095
04/29/2016,$94.22,3163816,$92.89,$94.58,$92.32
04/28/2016,$93.64,3497751,$94.8,$95.735,$93.15
04/27/2016,$95.64,2082378,$95.72,$95.99,$94.53
04/26/2016,$96.15,1418563,$95.96,$96.295,$95.22
04/25/2016,$95.8,2046852,$94.38,$96.04,$94.215
04/22/2016,$94.79,3797944,$96.17,$96.24,$93.76
04/21/2016,$96.37,2067080,$96.21,$97.14,$95.76
04/20/2016,$96.33,2712018,$97,$97,$95.76
04/19/2016,$96.52,2507545,$97,$97.69,$95.13
04/18/2016,$96.55,2174695,$94.75,$96.58,$94.59
04/15/2016,$95.16,2187168,$94.66,$95.22,$94.16
04/14/2016,$94.44,1764045,$94.34,$94.71,$94.01
04/13/2016,$94.53,2054218,$93.82,$94.6012,$93.69
04/12/2016,$93.42,2077442,$93.18,$93.6701,$92.2211
04/11/2016,$92.95,2165096,$94.43,$94.81,$92.84
04/08/2016,$94.07,2063189,$94.48,$94.5,$93.39
04/07/2016,$93.78,2369976,$94.72,$94.89,$93.19
04/06/2016,$95.4,2705654,$94.07,$95.49,$93.97
04/05/2016,$94.17,2472527,$93.32,$94.77,$93.22
04/04/2016,$94.5,2398318,$95.42,$96.28,$94.23
04/01/2016,$95.16,3980431,$93.33,$95.47,$92.77
03/31/2016,$93.8,6561244,$93.76,$94.58,$93.23
03/30/2016,$93.78,6797001,$93.63,$94.48,$92.98
03/29/2016,$93.22,4248626,$91.79,$93.435,$91.7601
03/28/2016,$92.4,2282982,$92.68,$92.83,$91.8975
03/24/2016,$92.52,3266765,$91.5,$92.74,$91.25
03/23/2016,$92.16,2767456,$92.62,$92.935,$91.93
03/22/2016,$92.56,4475705,$92.06,$93.42,$92.05
03/21/2016,$92.5,4657271,$92.69,$93.27,$91.33
03/18/2016,$93.42,12519400,$98,$98,$93.11
03/17/2016,$89.96,6792683,$88.66,$90.21,$87.25
03/16/2016,$88.17,3380217,$86.7,$88.48,$86.4
03/15/2016,$86.83,2907584,$86.4,$87.19,$86.22
03/14/2016,$87.01,3752701,$86.11,$87.75,$85.837
03/11/2016,$86,3329766,$85.2,$86.23,$84.63
03/10/2016,$84.85,2968930,$85.06,$86.52,$83.59
03/09/2016,$85.27,2490722,$84.88,$85.29,$83.25
03/08/2016,$84.35,3245536,$84.25,$85.95,$83.17
03/07/2016,$85.11,3124542,$85.58,$85.96,$84.05
03/04/2016,$86.18,3002030,$87.93,$87.9399,$85.58
03/03/2016,$87.21,3082086,$88.5,$88.5,$85.85
03/02/2016,$88.39,2864524,$88.12,$88.55,$87.26
03/01/2016,$88.37,3604647,$85.92,$88.395,$84.59
02/29/2016,$85.15,3164153,$86.01,$86.19,$85.09
02/26/2016,$86.6,3723198,$87.11,$87.48,$84.1
02/25/2016,$86.68,3283158,$84.76,$86.72,$84.15
02/24/2016,$83.42,2666857,$82.22,$83.53,$80.93
02/23/2016,$83.07,2958412,$83.41,$84.49,$82.86
02/22/2016,$83.8,3612073,$82.09,$84.16,$82.05
02/19/2016,$80.87,3928918,$80.32,$80.94,$79.51
02/18/2016,$80.53,3560252,$82.3,$82.82,$80.135
02/17/2016,$81.85,4474028,$79.4,$82.07,$78.54
02/16/2016,$78.88,4736360,$77.13,$79.2,$77.13
02/12/2016,$76.67,4368729,$75.99,$77.36,$75.4
02/11/2016,$74.94,4984658,$74.04,$75.53,$73.58
02/10/2016,$75.53,6463617,$74.99,$77.615,$73.8965
02/09/2016,$73.85,6654160,$74.76,$77.19,$73.04
02/08/2016,$74.94,12909570,$77.4,$78.33,$71.27
02/05/2016,$79.2,10643100,$85.5,$85.5,$77.83
02/04/2016,$86.36,3417381,$87.82,$87.97,$85.78
02/03/2016,$87.99,3185807,$88.91,$89.25,$86.67
02/02/2016,$87.95,3067351,$88.71,$89.02,$87.64
02/01/2016,$89.61,2889776,$88.16,$90.2383,$87.9
01/29/2016,$89.13,4679435,$85.55,$89.13,$85.12
01/28/2016,$84.52,5315646,$85.54,$85.74,$82.7
01/27/2016,$84.85,3070623,$87.27,$87.83,$84.51
01/26/2016,$86.89,2746345,$87.26,$87.58,$85.47
01/25/2016,$86.77,3944246,$88.39,$89.26,$86.63
01/22/2016,$89.63,5390152,$89.55,$89.93,$88.48
01/21/2016,$88,4298800,$88.64,$89.93,$87.14
01/20/2016,$87.94,3667159,$87.69,$88.76,$84.67
01/19/2016,$89.18,3680618,$90.29,$91.4,$88.37
01/15/2016,$89.17,3937373,$86.84,$89.35,$86.82
01/14/2016,$89.8,4081619,$88.92,$90.3,$87.32
01/13/2016,$88.3,3409063,$90.59,$91.44,$87.99
01/12/2016,$89.82,2347960,$89.89,$91.03,$88.4075
01/11/2016,$89.38,2356704,$88.07,$89.8025,$87.84
01/08/2016,$87.85,2258574,$89.68,$89.99,$87.63
01/07/2016,$89.11,2717799,$89.4,$91.4,$88.71
01/06/2016,$91.02,1673989,$91.1,$91.5,$90.24
01/05/2016,$92.34,1821298,$92.01,$92.85,$91.41
01/04/2016,$91.97,2993698,$91.77,$92,$90.54
12/31/2015,$93.94,1453954,$95.07,$95.21,$93.88
12/30/2015,$95.28,1153716,$95.19,$96.02,$95
12/29/2015,$95.33,1120359,$94.6,$95.898,$94.6
12/28/2015,$94.2,1027064,$93.79,$94.3,$93.23
12/24/2015,$94.3,602505,$94.45,$95.19,$94.03
12/23/2015,$94.7,1526404,$94.42,$94.99,$93.53
12/22/2015,$93.82,1869926,$91.94,$93.95,$91.63
12/21/2015,$91.62,2507675,$92.16,$92.6894,$90.81
12/18/2015,$91.31,5288007,$93.73,$93.92,$91.3
12/17/2015,$94.2,3063063,$95.7,$96.42,$94.19
12/16/2015,$95.56,2352835,$94.41,$95.66,$93.61
12/15/2015,$94.02,4092963,$93.98,$95.79,$93.72
12/14/2015,$93.26,3791394,$91.71,$93.31,$91.02
12/11/2015,$91.42,8314842,$92.51,$93.65,$90.12
12/10/2015,$88.96,4713902,$90.41,$90.43,$88.51
12/09/2015,$89.56,3333331,$91.04,$91.792,$88.95
12/08/2015,$91.72,3372756,$89.22,$92.09,$88.9566
12/07/2015,$89.6,3958584,$92.56,$92.88,$89.215
12/04/2015,$92.58,2980839,$90.13,$92.82,$90.13
12/03/2015,$89.91,2425554,$91.97,$92.76,$89.725
12/02/2015,$92.02,1904456,$92.52,$92.85,$91.68
12/01/2015,$92.55,1545105,$92.01,$92.58,$91.1
11/30/2015,$91.46,2180591,$92.41,$92.6599,$91.13
11/27/2015,$92.17,632970,$91.86,$92.57,$91.77
11/25/2015,$91.77,1117751,$92.3,$92.4982,$91.695
11/24/2015,$92,2040434,$91.14,$92.22,$90.09
11/23/2015,$91.96,1570368,$91.82,$92.37,$91.27
11/20/2015,$91.81,2130354,$92.33,$92.5,$91.22
11/19/2015,$91.76,2413919,$91.52,$92.13,$91.28
11/18/2015,$91.27,1448664,$90.31,$91.39,$89.47
11/17/2015,$90.29,1736480,$89.96,$91.29,$89.87
11/16/2015,$89.765,2198456,$89.66,$89.8,$88
11/13/2015,$89.02,1827670,$90.95,$90.95,$88.795
11/12/2015,$90.84,2458726,$91.08,$91.88,$90.74
11/11/2015,$91.21,2361580,$90.68,$91.47,$90.25
11/10/2015,$90.28,1943318,$89.56,$90.31,$88.99
11/09/2015,$89.8,1705162,$90.24,$90.4916,$88.99
11/06/2015,$90.69,2004247,$90.07,$90.79,$88.97
11/05/2015,$90.55,1836070,$91.5,$91.87,$89.79
11/04/2015,$91.01,1872987,$90.34,$91.34,$90.21
11/03/2015,$90.36,2102228,$89.59,$90.74,$88.92
11/02/2015,$89.91,2904654,$89.03,$90.545,$88.47
10/30/2015,$88.66,2131604,$87.99,$89.49,$87.9001
10/29/2015,$88.12,1595129,$88.26,$88.5,$87.51
10/28/2015,$88.5,3206706,$88.44,$88.83,$87.58
10/27/2015,$88.05,2593488,$88.65,$88.85,$87.81
10/26/2015,$88.84,2370889,$87.91,$89.7,$87.6101
10/23/2015,$87.86,6740289,$89,$89.44,$87.44
10/22/2015,$88.46,3546538,$86.56,$88.83,$86.56
10/21/2015,$86.13,2901500,$87.22,$87.568,$85.87
10/20/2015,$86.84,2688702,$88.15,$88.6497,$86.42
10/19/2015,$88.4,3352768,$88.15,$88.49,$87.03
10/16/2015,$88.67,5331973,$87.17,$89.035,$86.18
10/15/2015,$86.77,4381820,$84.19,$86.86,$84.09
10/14/2015,$83.8,2391110,$84,$84.73,$83.4
10/13/2015,$83.65,1992787,$83.32,$84.64,$83.31
10/12/2015,$83.92,2707066,$83.66,$84.8393,$83.23
10/09/2015,$83.82,3770685,$82.41,$83.9,$81.99
10/08/2015,$82.26,4571078,$80.45,$82.48,$80.2
10/07/2015,$80.65,14466500,$82.2,$83.0992,$79.02
10/06/2015,$85.15,4081752,$85.6,$86,$84.84
10/05/2015,$85.84,4204248,$84.8,$86.31,$84.49
10/02/2015,$83.99,3402491,$82.21,$84.01,$81.29
10/01/2015,$83.75,3399766,$82.42,$83.77,$81.57
09/30/2015,$82.22,3644252,$80.88,$82.37,$80.38
09/29/2015,$79.83,3110646,$80.52,$80.58,$79.09
09/28/2015,$80.52,3425152,$82.88,$83,$80.03
09/25/2015,$83.13,3732924,$84.71,$84.72,$82.58
09/24/2015,$83.91,4454919,$85.07,$85.37,$83.36
09/23/2015,$85.5,4007509,$84.92,$85.985,$84.05
09/22/2015,$84.66,6328919,$81.98,$84.83,$81.77
09/21/2015,$83.32,4907267,$81.42,$83.69,$81.42
09/18/2015,$81.25,16410440,$78.54,$84.95,$78.16
09/17/2015,$80.31,4821278,$80.45,$81.88,$79.7
09/16/2015,$80.53,2502068,$79.51,$80.67,$79.32
09/15/2015,$79.53,3436080,$78.61,$80.115,$78.3
09/14/2015,$78.46,2537420,$79.35,$79.41,$78.275
09/11/2015,$79.19,2908999,$78.44,$79.23,$77.94
09/10/2015,$78.7,3522631,$78.63,$78.97,$78.01
09/09/2015,$78.52,2456115,$80.79,$81.51,$78.23
09/08/2015,$79.78,2670642,$78.64,$79.91,$78.13
09/04/2015,$76.89,2320781,$76.99,$78.27,$76.39
09/03/2015,$78.32,3467231,$77.6,$79.55,$77.36
09/02/2015,$77.25,3528702,$77,$77.33,$75.54
09/01/2015,$75.99,3206418,$77.07,$77.82,$75.63
08/31/2015,$78.57,2313076,$79.38,$79.7,$78.3
08/28/2015,$79.4,3311216,$78.42,$79.45,$77.75
08/27/2015,$78.91,5190935,$78.41,$79.28,$77.39
08/26/2015,$77.33,4234164,$76.14,$77.61,$74.56
08/25/2015,$74.57,7451053,$77.02,$78.33,$74.47
08/24/2015,$74.27,6904417,$75,$77.82,$71.33
08/21/2015,$78.87,6804001,$81.94,$82.16,$78.87
08/20/2015,$82.69,3092440,$84.66,$84.9,$82.69
08/19/2015,$85.48,2460773,$86.12,$86.47,$85.21
08/18/2015,$86.45,1468312,$86.98,$87.25,$86.03
08/17/2015,$86.77,1788317,$86,$86.78,$84.9
08/14/2015,$86.12,2605571,$83.96,$86.38,$83.96
08/13/2015,$84.31,1963567,$83.82,$84.83,$83
08/12/2015,$83.82,2218544,$83.16,$84.14,$82.08
08/11/2015,$83.9,3103220,$84.06,$84.86,$83.05
08/10/2015,$83.62,1999640,$83.39,$83.92,$83.19
08/07/2015,$82.69,1990308,$81.87,$82.92,$81.48
08/06/2015,$82.19,2272316,$83.47,$83.63,$82.07
08/05/2015,$83.38,1773755,$82.78,$84.12,$82.17
08/04/2015,$82.06,1375001,$81.43,$82.18,$81.17
08/03/2015,$81.4,2071000,$82.18,$82.26,$80.7
07/31/2015,$81.99,2893613,$81.8,$82.8225,$81.37
07/30/2015,$81.29,2072732,$79.9,$81.8,$79.2
07/29/2015,$80.25,2178014,$80.07,$80.54,$79.56
07/28/2015,$80.59,2681012,$80.07,$80.65,$79.13
07/27/2015,$79.93,2758559,$80.53,$80.7,$79.73
07/24/2015,$80.98,3574622,$81,$81.36,$80.54
07/23/2015,$80.64,2578339,$80.8,$81.4,$80.48
07/22/2015,$80.73,2601030,$81.38,$81.75,$80.651
07/21/2015,$81.19,3903245,$81.8,$82.1,$81.01
07/20/2015,$82.09,1995809,$82,$82.185,$81.45
07/17/2015,$82.1,2402732,$82.17,$82.73,$81.48
07/16/2015,$82.52,2058116,$82.65,$82.67,$82.2
07/15/2015,$82.12,2926968,$82.2,$82.32,$81.71
07/14/2015,$81.89,4428123,$81.67,$82.35,$81.24
07/13/2015,$81.44,4597216,$81.09,$81.66,$80.82
07/10/2015,$80.59,3025063,$81.5,$81.5,$80.47
07/09/2015,$80.47,3068877,$80.74,$81.67,$80.41
07/08/2015,$79.99,4157108,$79.95,$80.5199,$79.4
07/07/2015,$80.59,2781935,$80.77,$81,$78.94
07/06/2015,$80.5,2590913,$80.02,$81.19,$80
07/02/2015,$80.75,2200892,$81.19,$81.29,$80.38
07/01/2015,$80.945,2944493,$81.57,$81.915,$80.71
06/30/2015,$81.01,4086360,$82.19,$82.34,$80.95
06/29/2015,$81.28,4045790,$81.22,$82.06,$81.15
06/26/2015,$82.74,5909240,$84.22,$84.22,$82.265
06/25/2015,$83.94,3052804,$83.82,$84.27,$83.49
06/24/2015,$83.4,4311199,$83.22,$84.36,$82.9745
06/23/2015,$83.55,4944665,$82.17,$83.77,$82.1
06/22/2015,$82.28,5829925,$80,$82.66,$79.85
06/19/2015,$79.7,3154104,$79.41,$79.94,$79.06
06/18/2015,$79.39,3857171,$77.82,$79.94,$77.82
06/17/2015,$77.91,6464059,$79.5,$80,$77.74
06/16/2015,$79.94,3541908,$78.93,$80.43,$78.83
06/15/2015,$78.9,2458972,$79.17,$79.25,$78.35
06/12/2015,$79.86,1794851,$79.33,$80.26,$79.06
06/11/2015,$79.65,1918251,$79.81,$80.29,$79.42
06/10/2015,$79.56,1775952,$78.18,$79.7,$77.99
06/09/2015,$77.9,2098434,$77.88,$78.05,$76.95
06/08/2015,$78.16,1621644,$78.9,$79.18,$77.9
06/05/2015,$78.86,1325884,$78.64,$79.39,$78.38
06/04/2015,$78.75,1659256,$79.86,$80.379,$78.64
06/03/2015,$80.13,1972025,$79.93,$80.34,$79.44
06/02/2015,$79.82,1533557,$79.7,$80.22,$79.35
06/01/2015,$79.87,2288815,$79.5,$80,$78.59
05/29/2015,$79.09,3288029,$79.89,$79.99,$78.94
05/28/2015,$80.015,1245655,$80.17,$80.42,$79.745
05/27/2015,$80.16,1671821,$79.55,$80.32,$79.27
05/26/2015,$79.365,2080661,$79.91,$80.12,$78.84
05/22/2015,$80.04,1825194,$80.34,$80.7,$79.97
05/21/2015,$80.56,2761264,$79.54,$80.74,$79.19
05/20/2015,$79.61,2639039,$79.57,$79.9,$78.91
05/19/2015,$79.62,2065248,$79.75,$79.93,$79.37
05/18/2015,$79.41,1435953,$78.69,$79.525,$78.4
05/15/2015,$78.92,2676185,$80,$80,$78.625
05/14/2015,$79.43,3068064,$77.64,$79.81,$77.1
05/13/2015,$77.08,1830543,$76.6,$77.48,$76.53
05/12/2015,$76.57,2082578,$76.26,$76.9,$75.3
05/11/2015,$76.785,2140410,$76.32,$77.34,$76.07
05/08/2015,$76.31,1585532,$75.28,$76.52,$75.05
05/07/2015,$74.73,2010035,$74.4,$74.84,$74.17
05/06/2015,$74.48,1997245,$75.08,$75.47,$73.96
05/05/2015,$75,2052176,$75.35,$75.63,$74.75
05/04/2015,$75.85,1655632,$76.43,$76.99,$75.82
05/01/2015,$76.43,1745421,$76.29,$76.67,$75.66
04/30/2015,$76.06,2109159,$76.4,$77.24,$75.31
04/29/2015,$76.65,2422167,$75.61,$77.26,$75.465
04/28/2015,$76.02,1698227,$76.34,$77.09,$75.87
04/27/2015,$76.55,1653200,$76.84,$77.29,$76.36
04/24/2015,$76.54,1831099,$76.41,$77.21,$75.84
04/23/2015,$76.52,1713916,$75.08,$76.8,$75
04/22/2015,$75.5,1522942,$74.68,$75.52,$74.634
04/21/2015,$74.62,1890427,$74.31,$74.88,$74.21
04/20/2015,$73.92,1688290,$73.42,$74.3,$73.42
04/17/2015,$73.15,3856527,$74.38,$74.55,$72.78
04/16/2015,$75.15,2055532,$75.41,$75.69,$75.095
04/15/2015,$76.03,1355469,$76.09,$76.5,$75.9
04/14/2015,$75.95,1924755,$76.02,$76.6,$75.59
04/13/2015,$76.02,1230003,$76.44,$77,$75.89
04/10/2015,$76.53,1801204,$76.3,$76.63,$76
04/09/2015,$76.33,1556086,$75.62,$76.35,$75.21
04/08/2015,$75.44,1938515,$75.68,$76.35,$75.12
04/07/2015,$75.65,2601250,$76.07,$76.68,$75.62
04/06/2015,$76.23,2552077,$75.13,$76.65,$74.75
04/02/2015,$75.68,2158435,$75.17,$76.17,$74.61
04/01/2015,$75.07,3972429,$73.61,$75.1,$73.03
03/31/2015,$73.94,2554552,$73.11,$74.6,$72.94
03/30/2015,$73.6,1880765,$73.51,$73.86,$73.1
03/27/2015,$73.31,2082088,$72.72,$73.46,$72.56
03/26/2015,$72.97,2965546,$72.43,$73.3577,$72.12
03/25/2015,$73.13,3444525,$75.5,$75.59,$73.12
03/24/2015,$75.45,2779383,$76.11,$76.42,$75.38
03/23/2015,$76.35,1754089,$77.11,$77.3,$76.34
03/20/2015,$77.36,3575656,$77.67,$77.96,$76.81
03/19/2015,$77.14,3516073,$76.48,$77.38,$75.2901
03/18/2015,$76.89,10507560,$75.5,$78.32,$74.75
03/17/2015,$79.66,5632552,$78.22,$79.87,$78.18
03/16/2015,$78.33,1850642,$78.21,$78.5899,$77.8
03/13/2015,$77.62,2201368,$77.18,$78.06,$76.62
03/12/2015,$77.4,1682696,$76.14,$77.44,$75.97
03/11/2015,$76.01,1690190,$75.91,$76.78,$75.68
03/10/2015,$76.005,2621139,$77.25,$77.29,$75.99
03/09/2015,$77.93,2010928,$77.76,$78.24,$77.43
03/06/2015,$77.55,2537112,$78.19,$78.5,$77.05
03/05/2015,$78.62,1850110,$77.6,$78.71,$77.3
03/04/2015,$77.63,2393581,$78.71,$78.74,$77.13
03/03/2015,$78.99,1617017,$79.63,$79.99,$78.97
03/02/2015,$79.79,1497669,$79.14,$79.79,$78.715
02/27/2015,$79.1,3115789,$79.24,$80.3,$78.93
02/26/2015,$78.96,1545740,$78.32,$79.07,$78.02
02/25/2015,$78.07,1256415,$77.76,$78.44,$77.475
02/24/2015,$77.68,1954329,$78.03,$78.03,$77.08
02/23/2015,$78.1,1455823,$78.65,$78.69,$77.79
02/20/2015,$78.55,1626869,$77.76,$78.56,$77.2
02/19/2015,$77.73,1556077,$77.42,$77.94,$77.2
02/18/2015,$77.73,1683362,$77.02,$77.9975,$76.8
02/17/2015,$77.13,1986617,$76.67,$77.22,$76.31
02/13/2015,$76.51,3819277,$74.98,$76.62,$74.77
02/12/2015,$74.59,2243474,$73.6,$74.755,$73.31
02/11/2015,$73.01,1600855,$72.78,$73.14,$72.35
02/10/2015,$72.76,1696213,$72.94,$73.19,$72.11
02/09/2015,$72.33,1628899,$72.09,$72.98,$72.04
02/06/2015,$72.54,1367371,$73.18,$73.62,$72.24
02/05/2015,$73.1,1438782,$72.47,$73.18,$72.32
02/04/2015,$72.28,2165414,$71.79,$72.62,$71.78
02/03/2015,$71.92,1555876,$71.54,$71.97,$71
02/02/2015,$71.11,2380959,$70.44,$71.2,$69.04
01/30/2015,$70.13,2331834,$71.32,$71.6699,$70.06
01/29/2015,$71.64,2538051,$70.03,$71.82,$69.78
01/28/2015,$70.25,2281065,$71.54,$71.84,$70.07
01/27/2015,$71.46,1798590,$71.71,$72.36,$71.06
01/26/2015,$72.74,3593663,$72.61,$73.15,$71.68
01/23/2015,$74.06,1851700,$73.44,$74.4,$73.06
01/22/2015,$73.48,2171025,$71.9,$73.65,$70.9
01/21/2015,$71.54,1766351,$71.16,$71.89,$70.37
01/20/2015,$71.49,1592770,$71.79,$71.99,$70.58
01/16/2015,$71.73,2375295,$70.03,$71.85,$70.03
01/15/2015,$70.29,2830459,$71.71,$71.75,$70.16
01/14/2015,$69.99,1881505,$69.88,$70.4,$68.98
01/13/2015,$70.59,2103821,$71.95,$72.96,$69.95
01/12/2015,$71.12,1325432,$72.13,$72.26,$70.75
01/09/2015,$71.84,1730255,$72.89,$73.13,$71.63
01/08/2015,$72.915,2612677,$71.4,$73.06,$71.31
01/07/2015,$71.11,2378276,$70.77,$71.29,$70.42
01/06/2015,$70.53,2880602,$71.95,$72.1,$69.88
01/05/2015,$71.98,2405286,$72.21,$72.43,$71.57
01/02/2015,$72.34,2355205,$72.7,$73.2031,$71.89
12/31/2014,$72.7,1359290,$73.4,$74.21,$72.65
12/30/2014,$73.085,1581717,$73.63,$73.86,$72.75
12/29/2014,$74.13,925144,$74.56,$74.58,$74
12/26/2014,$74.67,1083910,$74.74,$75.17,$74.42
12/24/2014,$74.74,1204572,$74.49,$74.93,$74.37
12/23/2014,$74.38,1941125,$74.65,$75,$74.29
12/22/2014,$74.5,3815437,$74.38,$75.14,$74.38
12/19/2014,$74.45,6811508,$75,$75.235,$73.99
12/18/2014,$74.89,6904134,$75.41,$75.54,$74.6
12/17/2014,$73.995,4180909,$72.5,$74.57,$72.16
12/16/2014,$72.32,4056920,$72.87,$73.8,$72.31
12/15/2014,$73.04,9652775,$75.66,$76.13,$72.84
12/12/2014,$76.02,12603700,$74.17,$77.56,$73.71
12/11/2014,$69.74,5081614,$70.1,$71.14,$69.66
12/10/2014,$69.85,2573489,$71.56,$71.97,$69.74
12/09/2014,$71.565,2866736,$71.34,$71.66,$70.68
12/08/2014,$72.05,1639677,$72.4,$72.78,$71.6
12/05/2014,$72.4,3061817,$73.16,$73.25,$72.36
12/04/2014,$73.03,1422000,$73.09,$73.23,$72.4
12/03/2014,$73.18,1569344,$73.64,$73.64,$72.8901
12/02/2014,$73.47,1841760,$74,$74,$73.08
12/01/2014,$73.75,2023316,$73.64,$73.965,$73.2
11/28/2014,$73.68,978374,$73.13,$74.1,$73.05
11/26/2014,$72.98,1467560,$72.08,$73,$71.74
11/25/2014,$72,2837275,$71.2,$72.52,$71.2
11/24/2014,$71.225,1821157,$71.52,$71.55,$70.73
11/21/2014,$71.32,4554447,$72,$72.55,$71.18
11/20/2014,$70.44,2249807,$70.33,$70.55,$70.02
11/19/2014,$70.82,2193796,$71.01,$71.055,$70.42
11/18/2014,$70.83,2833165,$69.86,$71.08,$69.86
11/17/2014,$69.97,3443117,$70.98,$71.25,$69.87
11/14/2014,$71.42,2470527,$71.7,$72,$71.35
11/13/2014,$71.72,2560802,$71.65,$72.08,$71.3
11/12/2014,$71.41,1581709,$71.35,$71.73,$71.26
11/11/2014,$71.7,1873274,$71.81,$72,$71.4
11/10/2014,$71.7,2388783,$71.63,$72,$71.18
11/07/2014,$71.6,4303060,$72.35,$72.4,$71.441
11/06/2014,$72.1,2345269,$71.59,$72.37,$71.37
11/05/2014,$71.37,6146563,$71.53,$72.04,$70.89
11/04/2014,$71.07,2987028,$69.95,$71.1,$69.75
11/03/2014,$69.91,1889002,$69.93,$70.27,$69.66
10/31/2014,$70.12,2949202,$69.89,$70.25,$69.27
10/30/2014,$68.57,1890994,$67.23,$68.61,$67.23
10/29/2014,$67.93,2054404,$68.21,$68.81,$67.52
10/28/2014,$68.37,1951060,$67.45,$68.51,$67.2
10/27/2014,$67.03,1490821,$66.84,$67.34,$66.31
10/24/2014,$67.01,1391572,$66.26,$67.085,$65.5
10/23/2014,$65.92,1783779,$65.62,$66.4,$65.17
10/22/2014,$65.04,2363348,$66.31,$66.49,$64.99
10/21/2014,$66.425,3222848,$64.84,$66.56,$64.51
10/20/2014,$64.68,4266231,$64.25,$64.73,$63.7
10/17/2014,$64.52,6540779,$63.46,$65.13,$63.46
10/16/2014,$62.86,6639958,$60.72,$63.72,$60.72
10/15/2014,$62.19,8333625,$59.61,$62.65,$58.51
10/14/2014,$60.88,4189237,$62.17,$62.3,$60.69
10/13/2014,$61.68,4822097,$63.01,$63.35,$61.5301
10/10/2014,$63.29,4640910,$65.37,$65.58,$63.29
10/09/2014,$65.66,3376811,$67.83,$67.96,$65.48
10/08/2014,$67.99,3562500,$66,$68.09,$65.411
10/07/2014,$65.96,3312465,$67.4,$67.63,$65.93
10/06/2014,$67.67,1585776,$68.56,$68.8,$67.45
10/03/2014,$68.4,2873610,$67.59,$68.67,$67.59
10/02/2014,$67.06,3947798,$67.83,$67.9512,$66.15
10/01/2014,$67.54,4650555,$69.13,$69.13,$67.51
09/30/2014,$69.19,2887245,$69.49,$69.5,$68.53
09/29/2014,$69.22,3379570,$67.69,$69.49,$67.55
09/26/2014,$68.355,2286609,$67.49,$68.42,$67.42
09/25/2014,$67.71,3618715,$68.85,$69.02,$67.53
09/24/2014,$69.03,3879761,$67.77,$69.25,$67.6
09/23/2014,$67.79,4413341,$67.11,$68.07,$66.85
09/22/2014,$67.2,4121581,$66.7,$67.225,$65.79
09/19/2014,$66.94,6789995,$68.12,$68.2,$66.35
09/18/2014,$67.91,5173855,$67.28,$68.15,$67.1
09/17/2014,$67.3,9463328,$68.03,$69.09,$67.16
09/16/2014,$70.73,5837542,$70.01,$70.96,$69.19
09/15/2014,$70.27,3867742,$70.63,$70.96,$69.37
09/12/2014,$70.98,3140306,$72.4,$72.49,$70.795
09/11/2014,$72.42,1708674,$72.03,$72.5699,$71.78
09/10/2014,$72.33,2213470,$72.25,$72.75,$71.84
09/09/2014,$72.42,1648294,$73.58,$73.58,$72.34
09/08/2014,$73.39,1373523,$72.87,$73.55,$72.81
09/05/2014,$73.13,1736123,$72.6,$73.13,$72.41
09/04/2014,$72.455,1976048,$72.63,$73.2,$72.26
09/03/2014,$72.43,1970376,$72.55,$72.8,$71.99
09/02/2014,$72.1,2161445,$72.06,$72.59,$71.84
08/29/2014,$71.9,1659465,$71.77,$72.0975,$71.4
08/28/2014,$71.37,1062891,$71.23,$71.72,$70.86
08/27/2014,$71.55,1705551,$71.53,$72.09,$71.37
08/26/2014,$71.53,1846046,$71.79,$72.25,$71.495
08/25/2014,$71.82,1709031,$72.44,$72.57,$71.63
08/22/2014,$72.04,1443894,$71.89,$72.29,$71.545
08/21/2014,$71.73,1886928,$71.07,$71.9,$70.83
08/20/2014,$71.02,3395267,$71.78,$72,$70.75
08/19/2014,$72.05,1997830,$71.09,$72.08,$71.06
08/18/2014,$71.06,1704432,$70.44,$71.1,$70.39
08/15/2014,$70.07,4311632,$70.88,$70.91,$69.58
08/14/2014,$70.05,1318652,$69.89,$70.07,$69.59
08/13/2014,$69.79,1881814,$69.12,$69.97,$68.36
08/12/2014,$68.785,1919231,$68.61,$68.99,$68.2
08/11/2014,$68.97,2154655,$68.5,$69.18,$68.28
08/08/2014,$68.39,1572232,$68.08,$68.64,$67.74
08/07/2014,$67.83,2292520,$68.69,$68.8795,$67.57
08/06/2014,$68.23,2455656,$68.73,$69.07,$68.22
08/05/2014,$68.97,3451240,$68.3,$69.55,$68.29
08/04/2014,$68.77,2966349,$68.95,$69.2395,$68.35
08/01/2014,$68.94,2108711,$69.01,$69.55,$68.52
07/31/2014,$69.2499,3817568,$71.31,$71.54,$69.01
07/30/2014,$71.89,2667626,$72.5,$72.7,$71.47
07/29/2014,$72.27,1899175,$72.7,$73.25,$72.24
07/28/2014,$72.7,1719952,$72.39,$73.02,$71.84
07/25/2014,$72.62,1996681,$72.54,$73.151,$72.23
07/24/2014,$72.795,2403413,$72.3,$72.9,$72.2
07/23/2014,$72.04,1873790,$72.34,$72.5499,$71.48
07/22/2014,$72.26,1769531,$72.13,$72.83,$71.91
07/21/2014,$71.96,1895074,$72.5,$72.65,$71.7
07/18/2014,$72.55,2856852,$71.9,$72.5799,$71.35
07/17/2014,$71.39,2032262,$72.11,$72.47,$71.31
07/16/2014,$72.38,1512639,$72.55,$72.87,$72.19
07/15/2014,$72.29,2752369,$72.8,$73.11,$71.87
07/14/2014,$72.88,1784644,$72.55,$73.26,$72.46
07/11/2014,$72.26,1930580,$71.73,$72.44,$71.05
07/10/2014,$71.7,1853157,$70.46,$72.08,$70.31
07/09/2014,$71.57,1749479,$71.11,$71.97,$71.11
07/08/2014,$71.14,2789016,$72.59,$72.87,$70.87
07/07/2014,$72.68,1707332,$73.07,$73.42,$72.577
07/03/2014,$73.57,1396076,$72.95,$73.71,$72.68
07/02/2014,$72.76,2682086,$72.65,$73.24,$72.6
07/01/2014,$73.01,4718434,$72.09,$73.99,$71.8
06/30/2014,$72.36,2771273,$72.43,$72.74,$71.955
06/27/2014,$72,6823949,$72.62,$72.765,$71.76
06/26/2014,$72.85,2075199,$72.44,$72.9,$72.175
06/25/2014,$72.44,2218848,$72.27,$72.7599,$72.12
06/24/2014,$72.38,2948629,$72.95,$73.28,$72.175
06/23/2014,$72.89,2354249,$72.74,$73.16,$72.29
06/20/2014,$72.61,3894948,$73.04,$73.15,$72.545
06/19/2014,$72.95,4412946,$73.17,$73.57,$72.2401
06/18/2014,$73.08,11364090,$73.82,$74.69,$72.1
06/17/2014,$67.54,6526838,$67.36,$68,$66.86
06/16/2014,$67.62,4348237,$66.8,$67.79,$66.52
06/13/2014,$66.82,2981070,$66.7,$66.95,$66.25
06/12/2014,$66.56,1940112,$67.23,$67.46,$66.28
06/11/2014,$67.46,1604900,$66.9,$67.5,$66.66
06/10/2014,$66.96,1558775,$66.69,$67.1899,$66.46
06/09/2014,$66.93,1339828,$66.7,$67.38,$66.59
06/06/2014,$66.91,3623502,$65.99,$67.32,$65.69
06/05/2014,$65.47,2041860,$64.3,$65.619,$63.925
06/04/2014,$64.17,2675597,$64.1,$64.73,$63.62
06/03/2014,$64.09,3006186,$64.19,$64.46,$63.49
06/02/2014,$64.64,1427741,$64.54,$65.04,$63.68
05/30/2014,$64.54,2444291,$65.75,$65.75,$64.17
05/29/2014,$65.45,2060964,$64.93,$65.82,$64.9262
05/28/2014,$64.84,2198354,$65.43,$65.48,$64.79
05/27/2014,$65.25,2150625,$64.64,$65.485,$64.61
05/23/2014,$64.3,2281916,$63.33,$64.48,$62.84
05/22/2014,$63.15,1807895,$62.29,$63.46,$61.911
05/21/2014,$62.47,1414109,$61.73,$62.66,$61.53
05/20/2014,$61.71,1853976,$62.12,$62.45,$61.42
05/19/2014,$62.2,2817642,$61.27,$62.84,$61.26
05/16/2014,$61.64,3651241,$60.65,$61.69,$59.93
05/15/2014,$60.2,5695609,$60.71,$60.95,$59.56
05/14/2014,$60.88,2497810,$59.95,$61.35,$59.95
05/13/2014,$60.81,2938421,$60.81,$60.97,$60.14
05/12/2014,$60.7,2829166,$59.77,$61.045,$59.74
05/09/2014,$59.59,3607776,$59.14,$59.61,$58.1675
05/08/2014,$59.08,3824949,$58.34,$60.61,$57.901
05/07/2014,$58.63,7061082,$59.56,$59.68,$57.15
05/06/2014,$59.44,3913160,$61.15,$61.35,$59.34
05/05/2014,$61.44,2070172,$61.2,$61.98,$60.88
05/02/2014,$61.56,2365346,$62.86,$62.97,$61.53
05/01/2014,$62.59,2839294,$61.69,$63.1045,$61.31
04/30/2014,$61.69,3720195,$60.87,$61.8,$60.63
04/29/2014,$60.91,3531053,$60.57,$60.93,$59.905
04/28/2014,$60.4,4347558,$61.84,$62.17,$59.62
04/25/2014,$61.61,4288456,$62.92,$63.03,$61.56
04/24/2014,$63.22,3958115,$64.89,$65,$62.93
04/23/2014,$64.39,2863697,$64.23,$64.58,$63.78
04/22/2014,$64.48,3854878,$64.06,$64.74,$63.76
04/21/2014,$64.3,2068457,$64,$64.46,$63.56
04/17/2014,$64.04,3745519,$62.96,$64.23,$62.53
04/16/2014,$63.04,3370553,$62.27,$63.14,$62.25
04/15/2014,$62.105,3598619,$61.5,$62.2925,$60.5
04/14/2014,$61.39,3234013,$61.18,$61.66,$60.55
04/11/2014,$60.5,5930687,$60.89,$61.75,$60.022
04/10/2014,$61.49,5648390,$63.05,$63.45,$61.27
04/09/2014,$63.46,6427389,$62,$63.6904,$61.555
04/08/2014,$61.82,6686003,$60.53,$62.25,$60.11
04/07/2014,$60.47,6250589,$61.2,$61.2,$59.63
04/04/2014,$61.32,6157070,$62.92,$62.92,$61.1
04/03/2014,$62.45,6975882,$65.5,$65.5,$62.17
04/02/2014,$65.48,2587043,$66.07,$66.31,$65.12
04/01/2014,$65.93,3398428,$65.9,$66.215,$65.44
03/31/2014,$65.74,3204717,$64.87,$65.95,$64.62
03/28/2014,$64.88,4014295,$64.71,$65.605,$64.15
03/27/2014,$64.53,5553079,$63.6,$65.16,$63.05
03/26/2014,$63.9,4706449,$66.1,$66.39,$63.88
03/25/2014,$65.81,4245508,$65.75,$66.735,$65.06
03/24/2014,$65.24,5845356,$67.22,$67.4768,$64.77
03/21/2014,$67.14,5477183,$69.06,$69.06,$66.91
03/20/2014,$68.49,5280229,$67.55,$69.08,$67.44
03/19/2014,$67.63,7683089,$69.01,$69.01,$66.15
03/18/2014,$68.52,11388280,$67.66,$70.24,$67.52
03/17/2014,$68.17,3928241,$67.89,$69.35,$67.7301
03/14/2014,$67.19,3006628,$67.7,$67.7,$66.87
03/13/2014,$67.08,2870732,$68.48,$68.83,$66.625
03/12/2014,$68.06,2433603,$67.06,$68.1,$66.75
03/11/2014,$67.47,3344977,$68.19,$68.6,$67.25
03/10/2014,$68.04,3032829,$68.68,$68.68,$67.31
03/07/2014,$68.52,2500313,$69.21,$69.31,$67.97
03/06/2014,$68.92,3059167,$69.14,$69.42,$68.85
03/05/2014,$68.9,3070041,$68.79,$69.03,$68.52
03/04/2014,$68.6,5425483,$68.6,$69.04,$68.5
03/03/2014,$67.86,3394950,$68.06,$68.15,$67.14
02/28/2014,$68.63,5727891,$70.25,$71.11,$67.83
02/27/2014,$69.92,4724503,$67.9,$70.075,$67.82
02/26/2014,$67.82,3066462,$67.73,$68.95,$67.65
02/25/2014,$68.01,3566414,$68.71,$68.76,$67.63
02/24/2014,$68.765,2811705,$68.54,$69.28,$68
02/21/2014,$68.22,3610158,$67.82,$68.44,$67.55
02/20/2014,$68.48,3162167,$68.19,$68.66,$67.7
02/19/2014,$67.99,3994320,$68.45,$69.43,$67.675
02/18/2014,$68.66,3757939,$68.62,$69.1,$68
02/14/2014,$68.34,6234518,$67.48,$68.485,$67
02/13/2014,$67.04,3606575,$64.84,$67.11,$64.83
02/12/2014,$65.14,3137832,$64.21,$65.15,$64.09
02/11/2014,$63.97,4647703,$64.48,$64.88,$63.66
02/10/2014,$63.78,2831547,$62.73,$63.801,$62.52
02/07/2014,$62.88,4822603,$61.58,$63.24,$61.3
02/06/2014,$61.34,2898235,$60.7,$61.65,$60.65
02/05/2014,$61,5122569,$59.54,$61.02,$59.271
02/04/2014,$59.72,3593172,$58.48,$59.74,$57.65
02/03/2014,$58.09,6649084,$59.08,$59.255,$57.32
01/31/2014,$59.19,3112871,$58.15,$59.54,$58.09
01/30/2014,$59.39,2768347,$59.12,$59.9,$59.02
01/29/2014,$58.46,3585389,$58.61,$59.18,$58.17
01/28/2014,$59.11,3529455,$57.98,$59.46,$57.88
01/27/2014,$58.36,5257958,$58.11,$58.88,$57.86
01/24/2014,$59.09,2919977,$60.3,$60.44,$59.09
01/23/2014,$60.88,2671273,$61.18,$61.43,$60.32
01/22/2014,$61.77,3593983,$60.93,$61.81,$60.7
01/21/2014,$60.85,3198693,$61.5,$61.79,$60.7
01/17/2014,$61.37,3314520,$61.02,$61.5999,$60.8
01/16/2014,$61.63,3747779,$61.59,$61.98,$61.26
01/15/2014,$61.68,4219454,$60.44,$61.81,$60.4
01/14/2014,$60.37,4179451,$58.68,$60.53,$58.63
01/13/2014,$58.6,2928748,$59.28,$59.44,$58.41
01/10/2014,$59.53,1829065,$59.35,$59.63,$58.95
01/09/2014,$59.09,2427430,$58.99,$59.53,$58.72
01/08/2014,$58.9,3455956,$59.12,$59.28,$58.46
01/07/2014,$58.97,2963608,$58.26,$59.05,$58.06
01/06/2014,$58.12,3753574,$58.06,$58.77,$58.01
01/03/2014,$59.16,1588951,$59.19,$59.685,$59.11
01/02/2014,$59.29,2745895,$59.06,$59.53,$58.94
12/31/2013,$59.879,1391266,$59.6,$59.915,$59.56
12/30/2013,$59.55,1329125,$59.67,$59.8,$59.24
12/27/2013,$59.51,1266918,$59.73,$59.99,$59.28
12/26/2013,$59.58,1026504,$59.53,$59.99,$59.48
12/24/2013,$59.53,846684,$59.58,$59.78,$59.22
12/23/2013,$59.47,1947938,$59.74,$59.89,$59.12
12/20/2013,$59.26,5363175,$58.42,$59.55,$58.22
12/19/2013,$58.13,3310530,$58.73,$58.9845,$58.07
12/18/2013,$59.04,4975264,$57.58,$59.07,$57.02
12/17/2013,$57.67,6351791,$58.5,$58.88,$57.54
12/16/2013,$58.5,8785998,$60.63,$60.88,$58.395
12/13/2013,$60.89,15834460,$58.06,$61.09,$58
12/12/2013,$53.99,6164740,$54.44,$54.9399,$53.9301
12/11/2013,$54.64,3990031,$55.25,$55.595,$54.575
12/10/2013,$55.32,3787264,$55.38,$55.39,$54.65
12/09/2013,$55.44,3397736,$55.94,$56.05,$55.24
12/06/2013,$55.6,3334270,$55.99,$56.1,$55.5502
12/05/2013,$55.04,7792707,$55.63,$55.75,$54.47
12/04/2013,$56.05,3663514,$56.19,$56.43,$55.42
12/03/2013,$56.4,4129531,$56.63,$57.06,$56.39
12/02/2013,$56.76,1950754,$56.74,$57.03,$56.61
11/29/2013,$56.78,965238,$57.12,$57.15,$56.6225
11/27/2013,$56.91,2134011,$56.85,$57.03,$56.68
11/26/2013,$56.7,2840970,$56.87,$56.89,$56.2
11/25/2013,$56.95,2986379,$56.62,$57.18,$56.5
11/22/2013,$56.41,2890754,$56.26,$56.5,$55.89
11/21/2013,$56.23,2461187,$56.28,$56.59,$55.86
11/20/2013,$55.94,2931259,$55.98,$56.32,$55.8
11/19/2013,$55.77,3404510,$56.73,$56.73,$55.65
11/18/2013,$56.6,3173558,$57.45,$57.49,$56.4
11/15/2013,$57.35,2909903,$57.54,$57.59,$56.78
11/14/2013,$57.17,4571342,$57.56,$57.99,$56.91
11/13/2013,$57.55,5168555,$55.59,$57.59,$55.59
11/12/2013,$56.24,2929235,$55.84,$56.34,$55.6
11/11/2013,$56.18,4221793,$54.85,$56.18,$54.49
11/08/2013,$54.84,5940947,$53.42,$54.93,$53.33
11/07/2013,$53.168,5526586,$55.05,$55.17,$53.1
11/06/2013,$54.88,3285655,$54.9,$55.105,$54.54
11/05/2013,$54.79,3616606,$55.24,$55.28,$54.67
11/04/2013,$55.39,3433601,$55.01,$55.42,$54.66
11/01/2013,$54.61,2719983,$54.61,$54.675,$54.14
10/31/2013,$54.22,3508976,$54.01,$54.56,$53.9
10/30/2013,$54.1,3482386,$54.87,$55.07,$53.69
10/29/2013,$54.86,5148291,$54,$55.12,$53.91
10/28/2013,$53.93,3490308,$53.91,$54.37,$53.59
10/25/2013,$53.81,6186140,$54.07,$54.2,$53.46
10/24/2013,$54.21,5717182,$53.06,$54.58,$53.05
10/23/2013,$53.06,4386787,$52.75,$53.45,$52.155
10/22/2013,$53.17,4375733,$53.47,$53.57,$52.99
10/21/2013,$53.08,3739740,$52.73,$53.27,$52.71
10/18/2013,$52.63,4210148,$52.15,$52.78,$52
10/17/2013,$52.065,3776599,$51.87,$52.31,$51.7
10/16/2013,$51.91,3325695,$51.54,$52.58,$51.54
10/15/2013,$51.93,3658815,$52.31,$52.78,$51.81
10/14/2013,$52.63,4910001,$51.9,$52.8279,$51.72
10/11/2013,$52.19,3410470,$50.82,$52.22,$50.82
10/10/2013,$51.165,3740948,$50.06,$51.22,$49.86
10/09/2013,$49.45,4347178,$49.62,$49.87,$48.87
10/08/2013,$49.58,4953841,$50.93,$50.97,$49.44
10/07/2013,$50.82,2582671,$51.05,$51.34,$50.79
10/04/2013,$51.57,3880070,$50.09,$51.67,$50.02
10/03/2013,$50.88,3862191,$51.61,$51.65,$50.54
10/02/2013,$51.52,3691156,$51.79,$52.28,$51.29
10/01/2013,$52.43,3243169,$52.1,$52.48,$51.84
09/30/2013,$51.94,2744749,$51.5,$52.15,$51.202
09/27/2013,$52.03,2382014,$51.71,$52.48,$51.65
09/26/2013,$52.1,2902916,$52,$52.38,$51.81
09/25/2013,$51.87,4009398,$51.48,$52.08,$51.42
09/24/2013,$51.42,3071222,$51.79,$51.88,$51.07
09/23/2013,$51.8,3183405,$52.07,$52.47,$51.615
09/20/2013,$52.31,12322690,$51.87,$52.96,$51.68
09/19/2013,$51.869,7125417,$52.05,$52.395,$51.575
09/18/2013,$52.58,15267950,$51.68,$52.67,$51.06
09/17/2013,$48.14,6720921,$48.19,$48.49,$47.92
09/16/2013,$48.14,4498273,$48.17,$48.705,$47.97
09/13/2013,$47.76,2569239,$47.66,$47.96,$47.64
09/12/2013,$47.64,3023864,$48.07,$48.09,$47.56
09/11/2013,$48.2,2625124,$48,$48.33,$47.945
09/10/2013,$48.02,2831122,$47.62,$48.065,$47.51
09/09/2013,$47.25,1908978,$47.11,$47.27,$46.99
09/06/2013,$46.87,3140873,$46.89,$47.3,$46.26
09/05/2013,$46.731,2379729,$46.88,$47.34,$46.68
09/04/2013,$46.93,5402222,$45.76,$47.17,$45.76
09/03/2013,$45.88,1955490,$46.21,$46.5655,$45.7
08/30/2013,$45.75,2211503,$45.88,$46.11,$45.57
08/29/2013,$45.93,1738910,$45.5,$46.14,$45.35
08/28/2013,$45.53,1971473,$45.58,$45.915,$45.49
08/27/2013,$45.5,2227935,$45.55,$45.875,$45.27
08/26/2013,$46.06,2591771,$46.25,$46.61,$46.01
08/23/2013,$45.77,2410594,$45.85,$45.88,$45.405
08/22/2013,$45.68,1699626,$45.1,$45.71,$45.09
08/21/2013,$45.14,2515511,$45.01,$45.51,$44.8
08/20/2013,$45.07,2214429,$44.77,$45.45,$44.7
08/19/2013,$44.89,2185789,$45.44,$45.52,$44.8799
08/16/2013,$45.4,2829158,$45.94,$45.955,$45.3
08/15/2013,$45.87,2616702,$46.37,$46.39,$45.705
08/14/2013,$46.84,2115128,$47.14,$47.14,$46.68
08/13/2013,$47.14,1960256,$47.37,$47.41,$46.92
08/12/2013,$47.2,1807937,$46.87,$47.33,$46.85
08/09/2013,$47.18,1891309,$47.38,$47.775,$47.09
08/08/2013,$47.51,2974175,$47.32,$47.66,$47.03
08/07/2013,$47.1,2396740,$47.17,$47.48,$46.83
08/06/2013,$47.39,1642797,$47.55,$47.8499,$47.37
08/05/2013,$47.63,2172212,$47.45,$47.84,$47.3501
08/02/2013,$47.45,3735290,$47.38,$47.82,$47.125
08/01/2013,$47.7,3494730,$47.62,$47.82,$47.41
07/31/2013,$47.28,3813463,$47.5,$47.71,$47.18
07/30/2013,$47.36,2757992,$47.19,$47.5,$47.115
07/29/2013,$47.17,2352441,$47.51,$47.775,$47.1101
07/26/2013,$47.64,2917979,$47.77,$47.8571,$47.4
07/25/2013,$47.79,2242304,$47.8,$47.96,$47.4525
07/24/2013,$47.8,2407382,$48.38,$48.58,$47.65
07/23/2013,$48.07,1708528,$48.35,$48.45,$47.95
07/22/2013,$48.28,1782812,$48.52,$48.52,$47.92
07/19/2013,$48.07,2763970,$48.26,$48.47,$47.93
07/18/2013,$48.19,2641466,$48.04,$48.52,$48.005
07/17/2013,$48.04,3135777,$48.17,$48.4,$47.78
07/16/2013,$47.485,2473018,$48.05,$48.13,$47.36
07/15/2013,$48.12,2122706,$48.25,$48.455,$48.095
07/12/2013,$48.39,4133997,$48.35,$48.63,$48.08
07/11/2013,$47.99,3293492,$47.62,$48,$47.5
07/10/2013,$47.25,2684637,$47.09,$47.33,$46.64
07/09/2013,$47.26,2578615,$46.76,$47.31,$46.73
07/08/2013,$46.625,2813076,$47.03,$47.49,$46.44
07/05/2013,$47,1614563,$46.69,$47.1,$46.55
07/03/2013,$46.42,1601483,$45.71,$46.82,$45.66
07/02/2013,$46.03,3025049,$46,$46.48,$45.725
07/01/2013,$46.235,6340958,$45.23,$47.19,$44.88
06/28/2013,$45.56,4052292,$45.99,$45.99,$45.39
06/27/2013,$45.93,2916446,$45.9,$46.265,$45.59
06/26/2013,$45.68,5356322,$44.95,$45.915,$44.895
06/25/2013,$44.37,3366284,$44.04,$44.435,$43.46
06/24/2013,$43.6,4492827,$44.34,$44.6,$43.37
06/21/2013,$44.77,6294691,$44.92,$45,$44.23
06/20/2013,$44.895,5488604,$45.28,$45.29,$44.45
06/19/2013,$45.78,12565590,$46.43,$46.44,$45.35
06/18/2013,$43.36,5311760,$43.55,$44.2,$43.215
06/17/2013,$43.39,2677070,$43.22,$43.76,$42.975
06/14/2013,$42.84,2320075,$43.33,$43.57,$42.7
06/13/2013,$43.3,2002339,$42.74,$43.36,$42.39
06/12/2013,$42.72,2124415,$43.31,$43.46,$42.61
06/11/2013,$43.12,2487069,$43.6,$43.85,$43.1
06/10/2013,$44.09,1833873,$44.3,$44.335,$43.84
06/07/2013,$44.12,2895226,$43.86,$44.41,$43.66
06/06/2013,$43.57,3760841,$43.84,$44.05,$43.255
06/05/2013,$43.84,3385503,$44.39,$44.58,$43.81
06/04/2013,$44.39,5249270,$43.67,$44.8,$43.53
06/03/2013,$43.46,2884752,$42.98,$43.48,$42.76
05/31/2013,$42.91,3132984,$42.92,$43.55,$42.66
05/30/2013,$43.19,2755447,$42.65,$43.385,$42.5
05/29/2013,$42.6,3279467,$42.75,$42.87,$42.3901
05/28/2013,$42.91,2655897,$42.78,$43.13,$42.65
05/24/2013,$42.43,3766131,$42.32,$42.53,$41.91
05/23/2013,$42.77,3339693,$42.66,$43.14,$42.57
05/22/2013,$43.17,3026370,$44.12,$44.31,$42.95
05/21/2013,$44.02,1828187,$44.21,$44.48,$43.89
05/20/2013,$44.29,1491068,$44.55,$44.675,$44.15
05/17/2013,$44.61,3688124,$44.6,$44.76,$44.33
05/16/2013,$44.56,2609084,$44.96,$45.34,$44.48
05/15/2013,$45.07,3645934,$44.06,$45.105,$43.95
05/14/2013,$44.04,4304808,$43.7,$44.1,$43.6001
05/13/2013,$43.61,2767935,$43.98,$44.008,$43.49
05/10/2013,$44.02,4571120,$44.12,$44.2,$43.75
05/09/2013,$43.97,9317672,$45.22,$45.25,$43.47
05/08/2013,$45.32,3318807,$45.51,$45.64,$45.1601
05/07/2013,$45.602,6862931,$46.46,$46.68,$45.29
05/06/2013,$46.49,3078198,$47,$47.14,$46.48
05/03/2013,$47.01,4226406,$46,$47.17,$45.82
05/02/2013,$45.69,2738430,$44.65,$45.88,$44.63
05/01/2013,$44.71,3816579,$45.14,$45.73,$44.61
04/30/2013,$45.08,4313153,$44.76,$45.15,$44.55
04/29/2013,$45.06,3553107,$44.89,$45.59,$44.82
04/26/2013,$44.91,2300068,$44.84,$45.18,$44.78
04/25/2013,$45.05,2131886,$44.75,$45.205,$44.56
04/24/2013,$44.67,2223455,$44.91,$45.05,$44.52
04/23/2013,$44.87,2163722,$44.84,$45.36,$44.44
04/22/2013,$44.53,2026324,$45,$45.2,$44.33
04/19/2013,$44.74,2746888,$44.6,$44.81,$44.31
04/18/2013,$44.46,2995895,$45.18,$45.2,$44.34
04/17/2013,$44.9,3421158,$44.86,$45.17,$44.51
04/16/2013,$45.28,2226459,$44.77,$45.35,$44.77
04/15/2013,$44.6,3552652,$44.81,$45.46,$44.59
04/12/2013,$45.03,2817672,$45.15,$45.16,$44.74
04/11/2013,$45.21,5896264,$45.04,$45.53,$44.8
04/10/2013,$44.7,5795402,$44.42,$45.4,$44.33
04/09/2013,$44.17,2529305,$43.71,$44.26,$43.34
04/08/2013,$43.79,2814037,$43.27,$43.8,$43.135
04/05/2013,$43.38,4307719,$43.42,$43.86,$43.21
04/04/2013,$44.21,5109824,$43.74,$44.25,$43.44
04/03/2013,$43.7,5043009,$43.78,$43.84,$43.491
04/02/2013,$43.845,3371517,$43.5,$43.89,$43.36
04/01/2013,$43.38,3397904,$43.36,$43.78,$43.23
03/28/2013,$43.515,4075185,$42.54,$43.59,$42.42
03/27/2013,$42.66,1706931,$42.6,$42.885,$42.38
03/26/2013,$42.75,2125366,$42.66,$42.95,$42.4565
03/25/2013,$42.49,5221560,$42.9,$43.42,$42.41
03/22/2013,$42.97,5595189,$42.17,$43.23,$42.11
03/21/2013,$42.18,5656568,$41.99,$42.63,$41.9
03/20/2013,$42.46,10733240,$42.7,$43.23,$41.995
03/19/2013,$40.75,4690944,$41.1,$41.37,$40.49
03/18/2013,$41.06,3309069,$41.08,$41.48,$40.21
03/15/2013,$41.38,5424159,$41.45,$41.79,$41.32
03/14/2013,$41.62,2762856,$41.82,$41.93,$41.44
03/13/2013,$41.59,2892454,$41.5,$41.81,$41.3
03/12/2013,$41.4,3454744,$41.53,$41.53,$41.1521
03/11/2013,$41.48,4632354,$41.12,$41.54,$40.96
03/08/2013,$41.5,3284282,$41.75,$41.91,$41.32
03/07/2013,$41.5,2678444,$41.4,$41.59,$41.2
03/06/2013,$41.29,2835061,$41.47,$41.77,$41.13
03/05/2013,$41.46,4236512,$40.76,$41.49,$40.68
03/04/2013,$40.46,2423523,$39.74,$40.47,$39.45
03/01/2013,$39.83,2328199,$39.3,$39.88,$38.96
02/28/2013,$39.31,3637596,$39.54,$39.935,$39.29
02/27/2013,$39.6,5285247,$38.32,$39.75,$38.1
02/26/2013,$38.59,2924950,$38.14,$38.66,$38.09
02/25/2013,$38.11,2737942,$38.66,$39.085,$38.1
02/22/2013,$38.55,2835481,$38.54,$38.87,$38.37
02/21/2013,$38.34,2872613,$38.82,$38.82,$38.3
02/20/2013,$38.77,3129578,$39.05,$39.28,$38.75
02/19/2013,$38.995,2056485,$38.58,$39,$38.52
02/15/2013,$38.635,2367880,$38.51,$38.76,$38.38
02/14/2013,$38.61,4929645,$38.7,$38.92,$38.301
02/13/2013,$38.81,2490936,$38.9,$39.15,$38.67
02/12/2013,$38.89,3279424,$38.55,$39.13,$38.12
02/11/2013,$38.64,2333712,$38.99,$39.05,$38.534
02/08/2013,$39.12,5104545,$38.31,$39.45,$38.145
02/07/2013,$38.07,3110222,$38.26,$38.39,$37.66
02/06/2013,$38.4,2523186,$38.36,$38.65,$38.26
02/05/2013,$38.51,2354796,$38.2,$38.57,$38.01
02/04/2013,$38.1,2927955,$38.19,$38.44,$37.82
02/01/2013,$38.34,2416033,$38.2,$38.48,$37.91
01/31/2013,$37.83,3291650,$38,$38.23,$37.68
01/30/2013,$37.94,2693425,$38.5,$38.51,$37.88
01/29/2013,$38.52,2934462,$38.11,$38.56,$37.81
01/28/2013,$38.24,3535951,$37.91,$38.41,$37.905
01/25/2013,$38.32,3267078,$38.05,$38.53,$38.02
01/24/2013,$38.1,2604840,$38.15,$38.7,$37.99
01/23/2013,$38.25,3307581,$37.94,$38.28,$37.89
01/22/2013,$37.95,2475387,$37.865,$38.015,$37.57
01/18/2013,$37.98,5561330,$37.81,$37.99,$37.36
01/17/2013,$37.73,4089414,$37.76,$38.09,$37.71
01/16/2013,$37.88,2640633,$38.12,$38.2698,$37.81
01/15/2013,$38.15,2968005,$37.86,$38.46,$37.84
01/14/2013,$38.16,3048550,$37.99,$38.2,$37.81
01/11/2013,$38.09,3511299,$38.65,$38.734,$37.89
01/10/2013,$38.62,3645200,$38.75,$38.78,$38.09
01/09/2013,$38.66,4083098,$38.16,$38.705,$38.1
01/08/2013,$38.14,3080868,$37.78,$38.2,$37.75
01/07/2013,$37.94,3632022,$37.81,$38.21,$37.7
01/04/2013,$38.13,3809146,$37.88,$38.19,$37.62
01/03/2013,$37.75,3905904,$38.14,$38.3,$37.66
01/02/2013,$38.34,6483720,$37.92,$38.73,$37.92
12/31/2012,$37.68,4634400,$36.8,$37.7,$36.655
12/28/2012,$36.9,3171577,$36.91,$37.4,$36.89
12/27/2012,$37.3,3422693,$37.49,$37.62,$36.83
12/26/2012,$37.55,2437597,$37.48,$37.99,$37.26
12/24/2012,$37.53,2447913,$37.76,$37.82,$37.3101
12/21/2012,$37.71,7975880,$37.36,$38,$37.35
12/20/2012,$37.87,4329182,$38.08,$38.16,$37.79
12/19/2012,$38.09,5853283,$37.39,$38.25,$37.35
12/18/2012,$37.4904,7652329,$37.42,$37.51,$37.18
12/17/2012,$37.42,8928026,$37.07,$37.43,$36.9
12/14/2012,$37.56,17447860,$37.2,$38.1,$37
12/13/2012,$35.53,7496095,$36.01,$36.5,$35.19
12/12/2012,$35.9597,4597986,$35.73,$36.28,$35.685
12/11/2012,$35.54,5912895,$35.8,$36.11,$35.47
12/10/2012,$35.75,3542041,$35.45,$35.78,$35.4
12/07/2012,$35.48,2723685,$35.4,$35.5,$34.94
12/06/2012,$35.14,5571849,$35.25,$35.68,$35
12/05/2012,$35.4,4275055,$35.3,$35.63,$34.86
12/04/2012,$35.3,6744091,$34.79,$35.64,$34.67
12/03/2012,$34.7,3146294,$34.78,$34.85,$34.57
11/30/2012,$34.61,4935373,$34.19,$34.81,$33.85
11/29/2012,$34.09,3353690,$34.08,$34.17,$33.78
11/28/2012,$33.88,2612550,$33.16,$33.94,$32.94
11/27/2012,$33.18,2180304,$33.19,$33.59,$33.16
11/26/2012,$33.295,2348435,$33.22,$33.33,$33.05
11/23/2012,$33.4,1449763,$33.06,$33.43,$32.99
11/21/2012,$32.84,1703603,$32.75,$32.98,$32.53
11/20/2012,$32.64,2345315,$32.8,$32.95,$32.515
11/19/2012,$32.92,2645470,$32.93,$32.9999,$32.71
11/16/2012,$32.65,3447258,$32.58,$32.75,$32.265
11/15/2012,$32.64,3817664,$32.38,$32.725,$32.14
11/14/2012,$32.235,5566456,$32.6,$32.77,$32.16
11/13/2012,$32.54,2597199,$32.55,$32.92,$32.35
11/12/2012,$32.7,1911824,$32.95,$33.03,$32.663
11/09/2012,$32.9,2581530,$33.01,$33.28,$32.89
11/08/2012,$32.9803,4247844,$33.5,$33.57,$32.92
11/07/2012,$33.47,4681476,$34.11,$34.15,$33.46
11/06/2012,$34.39,2678811,$34.42,$34.66,$34.245
11/05/2012,$34.24,2808498,$34.18,$34.33,$33.835
11/02/2012,$34.39,4006239,$34.59,$34.6,$34.23
11/01/2012,$34.36,3681653,$34.08,$34.64,$33.8901
10/31/2012,$34.025,4253067,$34,$34.05,$33.76
10/26/2012,$34.01,6310578,$33.13,$34.09,$32.99
10/25/2012,$33.4,2868678,$33.53,$33.69,$33.265
10/24/2012,$33.36,3381403,$33.56,$33.6,$33.28
10/23/2012,$33.31,3151794,$33.19,$33.44,$32.97
10/22/2012,$33.49,3684829,$33.44,$33.55,$33.17
10/19/2012,$33.24,5562513,$33.45,$33.65,$33.14
10/18/2012,$33.475,3913758,$33.45,$33.68,$33.24
10/17/2012,$33.44,5146307,$33.12,$33.54,$32.92
10/16/2012,$33.24,4782157,$32.44,$33.345,$32.3
10/15/2012,$32.33,3143130,$32.01,$32.35,$31.88
10/12/2012,$31.94,3040235,$31.78,$32.05,$31.69
10/11/2012,$31.78,2854551,$31.85,$31.91,$31.58
10/10/2012,$31.51,2481698,$31.64,$31.8,$31.33
10/09/2012,$31.685,3504334,$32.22,$32.25,$31.56
10/08/2012,$32.23,2154790,$32.26,$32.47,$32.02
10/05/2012,$32.47,2505026,$32.83,$33.03,$32.39
10/04/2012,$32.68,3886900,$32.54,$32.795,$32.2
10/03/2012,$32.6,2455318,$32.73,$32.85,$32.52
10/02/2012,$32.57,3344114,$32.82,$32.91,$32.32
10/01/2012,$32.62,5201824,$32.58,$32.85,$32.35
09/28/2012,$32.435,4017901,$32.65,$32.93,$32.39
09/27/2012,$32.8,3485790,$32.67,$32.94,$32.43
09/26/2012,$32.53,3406074,$32.91,$32.98,$32.42
09/25/2012,$32.895,6121925,$33.7,$33.75,$32.87
09/24/2012,$33.415,5345413,$33.39,$33.76,$33.26
09/21/2012,$33.83,8794348,$34.36,$34.49,$33.4699
09/20/2012,$34.5298,12397710,$33.25,$34.55,$33
09/19/2012,$33.12,7735871,$32.8,$33.168,$32.46
09/18/2012,$32.57,5954531,$33.23,$33.26,$32.49
09/17/2012,$33.41,3407646,$33.29,$33.42,$32.99
09/14/2012,$33.34,3862262,$32.93,$33.375,$32.74
09/13/2012,$32.81,4195144,$32.49,$33.07,$32.32
09/12/2012,$32.42,3564727,$32.59,$32.88,$32.33
09/11/2012,$32.43,3929157,$32.06,$32.59,$31.94
09/10/2012,$32.13,3865277,$32.36,$32.57,$32.11
09/07/2012,$32.46,3581208,$32.83,$32.89,$32.39
09/06/2012,$32.79,4577199,$32.26,$32.98,$32.26
09/05/2012,$32.26,6289531,$31.39,$32.26,$31.26
09/04/2012,$31.435,4419740,$31.24,$31.51,$31.01
08/31/2012,$31.27,5965094,$31.65,$31.9,$31
08/30/2012,$31.46,3174779,$31.77,$31.85,$31.35
08/29/2012,$31.96,4560815,$32.14,$32.24,$31.61
08/28/2012,$32.06,4139769,$32.36,$32.46,$32.03
08/27/2012,$32.32,4457363,$32.47,$32.75,$32.3
08/24/2012,$32.26,8759571,$32.58,$32.58,$31.83
08/23/2012,$33.5,2566667,$33.66,$33.8,$33.345
08/22/2012,$33.84,2870912,$33.74,$33.98,$33.615
08/21/2012,$33.75,3493177,$33.78,$34.09,$33.595
08/20/2012,$33.92,3464944,$33.66,$33.94,$33.36
08/17/2012,$33.8,3822902,$33.73,$33.91,$33.42
08/16/2012,$33.65,4019964,$32.89,$33.72,$32.87
08/15/2012,$32.91,3632130,$32.24,$32.95,$32.12
08/14/2012,$32.105,2712416,$32.51,$32.5494,$32
08/13/2012,$32.27,2433874,$32.48,$32.55,$32.09
08/10/2012,$32.64,2975772,$32.57,$32.69,$32.43
08/09/2012,$32.65,4320203,$32.6,$32.94,$32.42
08/08/2012,$32.51,2156617,$32.19,$32.64,$32.19
08/07/2012,$32.37,2568970,$32.24,$32.58,$32.22
08/06/2012,$32.14,2910546,$32.02,$32.32,$32.01
08/03/2012,$32.02,3617047,$31.15,$32.06,$31.05
08/02/2012,$30.58,2639980,$30.46,$30.83,$30.25
08/01/2012,$30.69,2738740,$31.05,$31.168,$30.6434
